Wednesday 24th of March 2021 01:39:51 PM
Compound:CO2; emissions_ds_name:v6.0_GHG_FT2018(edgar_release) ; Year:2018; Global Total:98513052.553513(tons); Source name:40; Process Group:AGS; User_codeset:v4(edgar)
lat;lon;emission 2018 (tons)
-56.0 	 -74.0 	 212.78928227999998 
-56.0 	 -72.0 	 1891.1536363999999 
-56.0 	 -70.0 	 2393.5463602100003 
-56.0 	 -68.0 	 0.295721044 
-56.0 	 -66.0 	 0.018726378000000005 
-54.0 	 -76.0 	 229.82629417 
-54.0 	 -74.0 	 4213.8384334 
-54.0 	 -72.0 	 8516.8363274 
-54.0 	 -70.0 	 4930.456094559 
-54.0 	 -68.0 	 0.000390133 
-52.0 	 -76.0 	 2038.39555726 
-52.0 	 -74.0 	 9023.3292142 
-52.0 	 -72.0 	 14493.5527 
-52.0 	 -70.0 	 7524.269570000001 
-50.0 	 -76.0 	 3033.14633236 
-50.0 	 -74.0 	 4313.7144227 
-50.0 	 -72.0 	 12885.764640000001 
-50.0 	 -70.0 	 13275.575430133002 
-50.0 	 -68.0 	 4571.645190133 
-48.0 	 -76.0 	 724.9814689900002 
-48.0 	 -74.0 	 2186.8690852299997 
-48.0 	 -72.0 	 8641.5159563 
-48.0 	 -70.0 	 11846.17164 
-48.0 	 -68.0 	 7844.312899999999 
-48.0 	 -66.0 	 380.4377 
-48.0 	 166.0 	 7114.341989999999 
-48.0 	 168.0 	 56993.337342000006 
-48.0 	 170.0 	 811.9282 
-46.0 	 -76.0 	 173.49269058000002 
-46.0 	 -74.0 	 980.28531688 
-46.0 	 -72.0 	 12156.234611 
-46.0 	 -70.0 	 12823.600657400002 
-46.0 	 -68.0 	 9607.848420000002 
-46.0 	 -66.0 	 1797.9711000000004 
-46.0 	 166.0 	 16929.920652 
-46.0 	 168.0 	 84386.42498 
-46.0 	 170.0 	 89338.78293 
-44.0 	 -76.0 	 137.25052140000003 
-44.0 	 -74.0 	 3011.8279947599995 
-44.0 	 -72.0 	 11084.693017132999 
-44.0 	 -70.0 	 12994.758800000001 
-44.0 	 -68.0 	 13367.41 
-44.0 	 -66.0 	 7569.765160266 
-44.0 	 -64.0 	 728.0077 
-44.0 	 144.0 	 1672.4456447 
-44.0 	 146.0 	 3695.2425944000006 
-44.0 	 148.0 	 13.400386 
-44.0 	 168.0 	 960.0728059999999 
-44.0 	 170.0 	 64890.43443399999 
-44.0 	 172.0 	 97232.59293000001 
-42.0 	 -76.0 	 10.0729 
-42.0 	 -74.0 	 23826.791187 
-42.0 	 -72.0 	 50762.58219793 
-42.0 	 -70.0 	 12488.538 
-42.0 	 -68.0 	 9238.08066 
-42.0 	 -66.0 	 6791.657420000001 
-42.0 	 -64.0 	 3699.42337 
-42.0 	 142.0 	 0.267615 
-42.0 	 144.0 	 16662.976450399998 
-42.0 	 146.0 	 15989.068511599999 
-42.0 	 148.0 	 7543.607804 
-42.0 	 170.0 	 202.41017000000002 
-42.0 	 172.0 	 20010.323134 
-42.0 	 174.0 	 42622.025372000004 
-42.0 	 176.0 	 16904.00084 
-40.0 	 -74.0 	 23508.748192 
-40.0 	 -72.0 	 63836.310521999985 
-40.0 	 -70.0 	 5090.73094 
-40.0 	 -68.0 	 9100.5669548 
-40.0 	 -66.0 	 9461.520137200001 
-40.0 	 -64.0 	 1158880.6704942002 
-40.0 	 -62.0 	 309312.71696999995 
-40.0 	 -60.0 	 2210.5728 
-40.0 	 -58.0 	 210.46811 
-40.0 	 140.0 	 179.83226729999998 
-40.0 	 142.0 	 15318.640308999999 
-40.0 	 144.0 	 72399.3166033 
-40.0 	 146.0 	 38479.945402800004 
-40.0 	 148.0 	 2519.55411 
-40.0 	 172.0 	 3825.0993000000008 
-40.0 	 174.0 	 109084.75173700001 
-40.0 	 176.0 	 35253.49055 
-40.0 	 178.0 	 4748.5404 
-38.0 	 -74.0 	 9378.1907 
-38.0 	 -72.0 	 151557.88236 
-38.0 	 -70.0 	 2830.8447695 
-38.0 	 -68.0 	 7829.351321390999 
-38.0 	 -66.0 	 78914.45968000003 
-38.0 	 -64.0 	 287161.97569000005 
-38.0 	 -62.0 	 9223.27369 
-38.0 	 -60.0 	 9386.011369999998 
-38.0 	 -58.0 	 391049.16014 
-38.0 	 138.0 	 35297.1202496 
-38.0 	 140.0 	 140334.906296 
-38.0 	 142.0 	 4151.022196 
-38.0 	 144.0 	 5620.9297259 
-38.0 	 146.0 	 15724.1137623 
-38.0 	 148.0 	 42407.583421639996 
-38.0 	 150.0 	 2.62213 
-38.0 	 172.0 	 1256.031 
-38.0 	 174.0 	 51749.194146 
-38.0 	 176.0 	 1738.335876 
-38.0 	 178.0 	 3278.9658719999998 
-36.0 	 -74.0 	 1545.8354599999998 
-36.0 	 -72.0 	 11909.27363298 
-36.0 	 -70.0 	 3337.2968705300004 
-36.0 	 -68.0 	 4826.70236 
-36.0 	 -66.0 	 4881.487859999999 
-36.0 	 -64.0 	 6965.256329999999 
-36.0 	 -62.0 	 9741.72878 
-36.0 	 -60.0 	 7773.267452200001 
-36.0 	 -58.0 	 60695.7155254 
-36.0 	 -56.0 	 6701.436879999999 
-36.0 	 -54.0 	 503.55459599999995 
-36.0 	 18.0 	 533.8094578000001 
-36.0 	 20.0 	 624.0683899999999 
-36.0 	 22.0 	 76.37508 
-36.0 	 24.0 	 122.871082 
-36.0 	 114.0 	 9870.271975200001 
-36.0 	 116.0 	 95309.33203969999 
-36.0 	 118.0 	 10248.42066 
-36.0 	 134.0 	 423.299441 
-36.0 	 136.0 	 1399.6627922999999 
-36.0 	 138.0 	 75926.368508 
-36.0 	 140.0 	 108514.63841799997 
-36.0 	 142.0 	 37202.024918999996 
-36.0 	 144.0 	 7836.459605 
-36.0 	 146.0 	 15799.875516099999 
-36.0 	 148.0 	 76816.04983525 
-36.0 	 150.0 	 6323.3516072 
-36.0 	 172.0 	 27763.439380000003 
-36.0 	 174.0 	 16921.70078 
-34.0 	 -72.0 	 9640.0755277 
-34.0 	 -70.0 	 2193.4585199000003 
-34.0 	 -68.0 	 4222.684673999999 
-34.0 	 -66.0 	 6041.923675 
-34.0 	 -64.0 	 11064.43227 
-34.0 	 -62.0 	 11779.885482999998 
-34.0 	 -60.0 	 9592.426309 
-34.0 	 -58.0 	 18167.6710337 
-34.0 	 -56.0 	 18486.7760628 
-34.0 	 -54.0 	 11462.328511 
-34.0 	 -52.0 	 33.2141 
-34.0 	 16.0 	 20.52508 
-34.0 	 18.0 	 3728.7478132200004 
-34.0 	 20.0 	 6969.704035999999 
-34.0 	 22.0 	 6174.1063863 
-34.0 	 24.0 	 4931.5529286 
-34.0 	 26.0 	 3094.0823708999997 
-34.0 	 28.0 	 16933.5463235 
-34.0 	 114.0 	 129620.2580748 
-34.0 	 116.0 	 92057.7800147 
-34.0 	 118.0 	 6073.499599999999 
-34.0 	 120.0 	 58486.2163916 
-34.0 	 122.0 	 888.844007 
-34.0 	 124.0 	 962.67806 
-34.0 	 126.0 	 52.395566 
-34.0 	 132.0 	 414.46952999999996 
-34.0 	 134.0 	 3761.542586 
-34.0 	 136.0 	 6301.231484 
-34.0 	 138.0 	 7089.129882 
-34.0 	 140.0 	 8136.183203999999 
-34.0 	 142.0 	 10207.557419999997 
-34.0 	 144.0 	 9242.638103 
-34.0 	 146.0 	 7690.47621 
-34.0 	 148.0 	 113362.2017063 
-34.0 	 150.0 	 28551.279626 
-34.0 	 152.0 	 103.62493699999999 
-32.0 	 -72.0 	 18088.461215999996 
-32.0 	 -70.0 	 846.546912184 
-32.0 	 -68.0 	 8142.387302778003 
-32.0 	 -66.0 	 7460.34709069 
-32.0 	 -64.0 	 355763.5001250001 
-32.0 	 -62.0 	 10825.0465 
-32.0 	 -60.0 	 7325.770236 
-32.0 	 -58.0 	 19023.60249 
-32.0 	 -56.0 	 170533.47850000003 
-32.0 	 -54.0 	 172961.6371978 
-32.0 	 -52.0 	 30775.45009011 
-32.0 	 16.0 	 1412.881083 
-32.0 	 18.0 	 4921.21299 
-32.0 	 20.0 	 3050.420489 
-32.0 	 22.0 	 4740.2420600000005 
-32.0 	 24.0 	 7283.8857336 
-32.0 	 26.0 	 4184.5631211 
-32.0 	 28.0 	 35400.27576899999 
-32.0 	 30.0 	 16493.713742999997 
-32.0 	 114.0 	 55521.1559909 
-32.0 	 116.0 	 79677.231139 
-32.0 	 118.0 	 5196.672494000001 
-32.0 	 120.0 	 2120.7760200000002 
-32.0 	 122.0 	 1824.9047550000003 
-32.0 	 124.0 	 4413.8542 
-32.0 	 126.0 	 2537.469285 
-32.0 	 128.0 	 2713.5552700000007 
-32.0 	 130.0 	 1036.1923700000002 
-32.0 	 132.0 	 3716.61363 
-32.0 	 134.0 	 7092.07423 
-32.0 	 136.0 	 5760.427545999999 
-32.0 	 138.0 	 6793.679448999999 
-32.0 	 140.0 	 6766.452603 
-32.0 	 142.0 	 9969.423059999997 
-32.0 	 144.0 	 9321.13024 
-32.0 	 146.0 	 7318.33399 
-32.0 	 148.0 	 5789.626867 
-32.0 	 150.0 	 57268.077292 
-32.0 	 152.0 	 6598.504863999999 
-30.0 	 -72.0 	 8275.5617372 
-30.0 	 -70.0 	 293.718719854 
-30.0 	 -68.0 	 200.11921963999998 
-30.0 	 -66.0 	 30710.382155869993 
-30.0 	 -64.0 	 4587.3120666 
-30.0 	 -62.0 	 8550.98061 
-30.0 	 -60.0 	 9782.39277 
-30.0 	 -58.0 	 46901.66306589999 
-30.0 	 -56.0 	 300705.18676 
-30.0 	 -54.0 	 927797.55581 
-30.0 	 -52.0 	 341493.220413 
-30.0 	 -50.0 	 299004.47874 
-30.0 	 16.0 	 2762.836089 
-30.0 	 18.0 	 1008.6868756000001 
-30.0 	 20.0 	 3691.5137161499997 
-30.0 	 22.0 	 4362.268800000001 
-30.0 	 24.0 	 4574.14629 
-30.0 	 26.0 	 3333.8500000000004 
-30.0 	 28.0 	 18393.552702999998 
-30.0 	 30.0 	 31355.765145999998 
-30.0 	 32.0 	 61.102784 
-30.0 	 114.0 	 19244.734365999997 
-30.0 	 116.0 	 9538.17941 
-30.0 	 118.0 	 7194.340855 
-30.0 	 120.0 	 6065.0171470000005 
-30.0 	 122.0 	 3254.971641 
-30.0 	 132.0 	 2415.5789999999997 
-30.0 	 134.0 	 6340.387933 
-30.0 	 136.0 	 2599.1619339999997 
-30.0 	 138.0 	 2236.76841 
-30.0 	 140.0 	 3807.40001 
-30.0 	 142.0 	 8345.087840999999 
-30.0 	 144.0 	 9302.47528 
-30.0 	 146.0 	 9221.21715 
-30.0 	 148.0 	 8398.2377 
-30.0 	 150.0 	 22187.78954 
-30.0 	 152.0 	 3564.423505166 
-28.0 	 -72.0 	 209.2266598 
-28.0 	 -70.0 	 347.868121131 
-28.0 	 -68.0 	 746.269010872 
-28.0 	 -66.0 	 6556.62816376 
-28.0 	 -64.0 	 7924.066292666 
-28.0 	 -62.0 	 5284.648835999999 
-28.0 	 -60.0 	 15487.24773 
-28.0 	 -58.0 	 1857.057876 
-28.0 	 -56.0 	 2013105.8048007 
-28.0 	 -54.0 	 994770.6331351999 
-28.0 	 -52.0 	 221820.563493 
-28.0 	 -50.0 	 304078.34494 
-28.0 	 20.0 	 3361.017924 
-28.0 	 22.0 	 4084.4654150000006 
-28.0 	 24.0 	 4002.43451 
-28.0 	 26.0 	 4324.9968420000005 
-28.0 	 28.0 	 3072.1727630000005 
-28.0 	 30.0 	 7005.615538999999 
-28.0 	 32.0 	 575.2648598000001 
-28.0 	 112.0 	 519.4891999999999 
-28.0 	 114.0 	 19310.025819000002 
-28.0 	 116.0 	 10395.89687 
-28.0 	 118.0 	 9970.363430000001 
-28.0 	 120.0 	 7685.189104000001 
-28.0 	 122.0 	 2471.8612780000003 
-28.0 	 132.0 	 4434.88737 
-28.0 	 134.0 	 4767.418100999999 
-28.0 	 136.0 	 1625.0636500000003 
-28.0 	 138.0 	 2927.27765 
-28.0 	 140.0 	 5136.065984999999 
-28.0 	 142.0 	 8732.934884 
-28.0 	 144.0 	 8726.359139999999 
-28.0 	 146.0 	 7722.330784 
-28.0 	 148.0 	 8315.339219 
-28.0 	 150.0 	 7008.195937999999 
-28.0 	 152.0 	 1134.46372043 
-26.0 	 -72.0 	 32.481983992 
-26.0 	 -70.0 	 111.76328971 
-26.0 	 -68.0 	 617.5086314719999 
-26.0 	 -66.0 	 2318.3846352 
-26.0 	 -64.0 	 533.1326384 
-26.0 	 -62.0 	 1160.1364294999998 
-26.0 	 -60.0 	 4931.352139999999 
-26.0 	 -58.0 	 598.0284 
-26.0 	 -56.0 	 240078.526444 
-26.0 	 -54.0 	 859955.81753 
-26.0 	 -52.0 	 549325.67824 
-26.0 	 -50.0 	 350890.96541999996 
-26.0 	 -48.0 	 19760.332917210006 
-26.0 	 20.0 	 558.84123 
-26.0 	 22.0 	 594.564197 
-26.0 	 24.0 	 693.719793 
-26.0 	 26.0 	 2144.105895 
-26.0 	 28.0 	 2818.4995962999997 
-26.0 	 30.0 	 27426.04635807 
-26.0 	 32.0 	 38.84607 
-26.0 	 112.0 	 1338.8849089999999 
-26.0 	 114.0 	 10087.189227 
-26.0 	 116.0 	 9259.049822 
-26.0 	 118.0 	 7034.18004 
-26.0 	 120.0 	 3407.1166239999993 
-26.0 	 122.0 	 1623.87208 
-26.0 	 128.0 	 2.96886 
-26.0 	 130.0 	 66.44978316800001 
-26.0 	 132.0 	 97.858391736 
-26.0 	 134.0 	 12.720295806 
-26.0 	 138.0 	 2019.6759210000002 
-26.0 	 140.0 	 6263.983230000001 
-26.0 	 142.0 	 8804.908996 
-26.0 	 144.0 	 8807.296045 
-26.0 	 146.0 	 7037.895086 
-26.0 	 148.0 	 7742.4424549999985 
-26.0 	 150.0 	 4729.280754199999 
-26.0 	 152.0 	 1062.8367962 
-24.0 	 -72.0 	 0.036657434 
-24.0 	 -70.0 	 27.906781522000003 
-24.0 	 -68.0 	 538.67009565 
-24.0 	 -66.0 	 1653.766134936 
-24.0 	 -64.0 	 214.76523321599996 
-24.0 	 -62.0 	 409.8467057 
-24.0 	 -58.0 	 4225.608749999999 
-24.0 	 -56.0 	 105225.2607 
-24.0 	 -54.0 	 708122.0868 
-24.0 	 -52.0 	 817076.1937999999 
-24.0 	 -50.0 	 406834.23516 
-24.0 	 -48.0 	 379434.15154449997 
-24.0 	 -46.0 	 135745.529235 
-24.0 	 -44.0 	 73358.49818360001 
-24.0 	 -42.0 	 14373.16671 
-24.0 	 26.0 	 357.46610300000003 
-24.0 	 28.0 	 2180.532068 
-24.0 	 30.0 	 2765.3590449999997 
-24.0 	 112.0 	 1218.536573 
-24.0 	 114.0 	 9443.596529999999 
-24.0 	 116.0 	 6853.7225659999995 
-24.0 	 118.0 	 5621.8912900000005 
-24.0 	 120.0 	 4010.591939999999 
-24.0 	 136.0 	 19.067766752 
-24.0 	 138.0 	 5520.112626 
-24.0 	 140.0 	 7800.166429000001 
-24.0 	 142.0 	 8473.766469999999 
-24.0 	 144.0 	 9177.135929999999 
-24.0 	 146.0 	 9891.642689999999 
-24.0 	 148.0 	 10481.706532 
-24.0 	 150.0 	 2165.5169249999994 
-22.0 	 -72.0 	 0.742749 
-22.0 	 -70.0 	 484.89932226999997 
-22.0 	 -68.0 	 48.43629 
-22.0 	 -66.0 	 1.02059 
-22.0 	 -60.0 	 118.76820000000001 
-22.0 	 -58.0 	 25176.594060999996 
-22.0 	 -56.0 	 139066.2274 
-22.0 	 -54.0 	 164653.42620000002 
-22.0 	 -52.0 	 576430.32573 
-22.0 	 -50.0 	 447800.94331600005 
-22.0 	 -48.0 	 296732.03868999996 
-22.0 	 -46.0 	 252187.96671000004 
-22.0 	 -44.0 	 205508.193325 
-22.0 	 -42.0 	 183397.58569500002 
-22.0 	 26.0 	 76.71826030000001 
-22.0 	 28.0 	 677.6911331000001 
-22.0 	 30.0 	 818.4358128 
-22.0 	 32.0 	 158.9869834 
-22.0 	 114.0 	 1363.2392670000004 
-22.0 	 116.0 	 3303.5266869999996 
-22.0 	 118.0 	 6647.168872 
-22.0 	 120.0 	 3426.261963 
-22.0 	 122.0 	 0.532775 
-22.0 	 126.0 	 588.1404299999999 
-22.0 	 128.0 	 3.844815522 
-22.0 	 136.0 	 35.862572420000006 
-22.0 	 138.0 	 8659.873493999998 
-22.0 	 140.0 	 9844.78867 
-22.0 	 142.0 	 12569.45481 
-22.0 	 144.0 	 10538.508855 
-22.0 	 146.0 	 9434.430762999998 
-22.0 	 148.0 	 2981.279002 
-20.0 	 -72.0 	 13.424364 
-20.0 	 -70.0 	 2768.8098150000005 
-20.0 	 -60.0 	 78.2812 
-20.0 	 -58.0 	 19092.8615853 
-20.0 	 -56.0 	 79248.55885 
-20.0 	 -54.0 	 217546.58290000004 
-20.0 	 -52.0 	 355289.20342 
-20.0 	 -50.0 	 395278.2682 
-20.0 	 -48.0 	 199590.52555400002 
-20.0 	 -46.0 	 108732.142009 
-20.0 	 -44.0 	 79522.06558 
-20.0 	 -42.0 	 404387.06880000007 
-20.0 	 -40.0 	 45151.7823 
-20.0 	 24.0 	 57.9128901 
-20.0 	 26.0 	 695.7400418000001 
-20.0 	 28.0 	 624.8846019100001 
-20.0 	 30.0 	 571.83658341 
-20.0 	 32.0 	 301.934435 
-20.0 	 120.0 	 1498.0562759 
-20.0 	 122.0 	 1495.29077 
-20.0 	 124.0 	 3084.56558 
-20.0 	 126.0 	 6499.971549999999 
-20.0 	 128.0 	 1640.2199468580002 
-20.0 	 136.0 	 34.525587546 
-20.0 	 138.0 	 7546.54969 
-20.0 	 140.0 	 9485.886333 
-20.0 	 142.0 	 7726.20696709 
-20.0 	 144.0 	 6281.8951502 
-20.0 	 146.0 	 1966.0060420000002 
-18.0 	 -74.0 	 227.22728299999997 
-18.0 	 -72.0 	 6280.550300999999 
-18.0 	 -70.0 	 4819.0617999999995 
-18.0 	 -62.0 	 330.61400000000003 
-18.0 	 -60.0 	 5534.375679999999 
-18.0 	 -58.0 	 23148.9717274 
-18.0 	 -56.0 	 142023.20924 
-18.0 	 -54.0 	 129966.64409999999 
-18.0 	 -52.0 	 177935.532 
-18.0 	 -50.0 	 203028.34693 
-18.0 	 -48.0 	 152408.611551 
-18.0 	 -46.0 	 137567.77951279999 
-18.0 	 -44.0 	 66294.9325308 
-18.0 	 -42.0 	 153002.11791 
-18.0 	 -40.0 	 80650.80978 
-18.0 	 22.0 	 1483.7136526999998 
-18.0 	 24.0 	 2815.9598608999995 
-18.0 	 26.0 	 2286.68052728 
-18.0 	 28.0 	 615.67148824 
-18.0 	 30.0 	 600.9208493 
-18.0 	 32.0 	 134.6008081 
-18.0 	 34.0 	 557.803706 
-18.0 	 122.0 	 1319.7024568000002 
-18.0 	 124.0 	 3048.9533009 
-18.0 	 126.0 	 6435.320462999999 
-18.0 	 128.0 	 1300.952791942 
-18.0 	 136.0 	 24.363317966000004 
-18.0 	 138.0 	 3506.4785 
-18.0 	 140.0 	 3318.920854 
-18.0 	 142.0 	 5914.8463728 
-18.0 	 144.0 	 2663.482095 
-18.0 	 146.0 	 1.8182 
-16.0 	 -76.0 	 2540.3183978999996 
-16.0 	 -74.0 	 11394.912613 
-16.0 	 -72.0 	 24801.82233 
-16.0 	 -70.0 	 8937.793783430001 
-16.0 	 -62.0 	 6623.131504000001 
-16.0 	 -60.0 	 100952.46300100001 
-16.0 	 -58.0 	 136291.64766000002 
-16.0 	 -56.0 	 180647.45823000002 
-16.0 	 -54.0 	 148064.80308 
-16.0 	 -52.0 	 197157.87652999998 
-16.0 	 -50.0 	 133967.404665 
-16.0 	 -48.0 	 110063.72053 
-16.0 	 -46.0 	 18430.48111391 
-16.0 	 -44.0 	 95043.06026900001 
-16.0 	 -42.0 	 60892.955678000006 
-16.0 	 -40.0 	 20837.957642600002 
-16.0 	 22.0 	 3051.69324051 
-16.0 	 24.0 	 3688.69684176 
-16.0 	 26.0 	 2717.7444668999997 
-16.0 	 28.0 	 3352.6855187000006 
-16.0 	 30.0 	 1238.0194996 
-16.0 	 32.0 	 352.54618400000004 
-16.0 	 34.0 	 1285.291991 
-16.0 	 124.0 	 165.57773694 
-16.0 	 126.0 	 2236.28097916 
-16.0 	 128.0 	 488.32821520600004 
-16.0 	 140.0 	 526.3457255 
-16.0 	 142.0 	 2490.20065515 
-16.0 	 144.0 	 456.27966060000006 
-14.0 	 -78.0 	 2361.470428 
-14.0 	 -76.0 	 13556.579306 
-14.0 	 -74.0 	 26117.133319 
-14.0 	 -72.0 	 13087.132190800003 
-14.0 	 -70.0 	 6580.837824800001 
-14.0 	 -66.0 	 168.62221179999997 
-14.0 	 -64.0 	 17230.2025347 
-14.0 	 -62.0 	 55069.502884 
-14.0 	 -60.0 	 61077.46613460001 
-14.0 	 -58.0 	 62099.8460971 
-14.0 	 -56.0 	 75176.0498754 
-14.0 	 -54.0 	 115751.31310209999 
-14.0 	 -52.0 	 123531.14879999998 
-14.0 	 -50.0 	 113232.68370000002 
-14.0 	 -48.0 	 76973.4742 
-14.0 	 -46.0 	 10840.977979999998 
-14.0 	 -44.0 	 15167.412647000001 
-14.0 	 -42.0 	 22995.810762999998 
-14.0 	 -40.0 	 94950.78990999999 
-14.0 	 -38.0 	 4113.5109999999995 
-14.0 	 22.0 	 998.18044968 
-14.0 	 24.0 	 1030.5836822420001 
-14.0 	 26.0 	 1300.53866832 
-14.0 	 28.0 	 2192.37276488 
-14.0 	 30.0 	 3535.2022008599993 
-14.0 	 32.0 	 1835.8477650999998 
-14.0 	 34.0 	 345.350974 
-14.0 	 126.0 	 1.0592739999999998 
-14.0 	 128.0 	 39.10629 
-14.0 	 130.0 	 61.278102812 
-14.0 	 134.0 	 420.72996 
-14.0 	 140.0 	 408.750396 
-14.0 	 142.0 	 583.2173159 
-12.0 	 -80.0 	 7.491473 
-12.0 	 -78.0 	 12013.289186799997 
-12.0 	 -76.0 	 22686.199351 
-12.0 	 -74.0 	 5232.392179 
-12.0 	 -72.0 	 155.7541976 
-12.0 	 -70.0 	 12428.7933847 
-12.0 	 -68.0 	 14074.336369999997 
-12.0 	 -66.0 	 5315.1440059100005 
-12.0 	 -64.0 	 82537.7535374 
-12.0 	 -62.0 	 84759.13696579999 
-12.0 	 -60.0 	 25483.154995899997 
-12.0 	 -58.0 	 49434.05556291 
-12.0 	 -56.0 	 76589.9671855 
-12.0 	 -54.0 	 34202.772754699996 
-12.0 	 -52.0 	 67150.066248 
-12.0 	 -50.0 	 57274.189889999994 
-12.0 	 -48.0 	 30698.12457 
-12.0 	 -46.0 	 94686.83512599999 
-12.0 	 -44.0 	 11793.118216840001 
-12.0 	 -42.0 	 23002.479630499998 
-12.0 	 -40.0 	 68641.81166 
-12.0 	 -38.0 	 118071.25435 
-12.0 	 24.0 	 430.6025287 
-12.0 	 26.0 	 147.083719 
-12.0 	 28.0 	 2747.2021240699996 
-12.0 	 30.0 	 4423.3732236 
-12.0 	 32.0 	 2452.04552386 
-12.0 	 34.0 	 1430.381153 
-12.0 	 36.0 	 2393.3056152999998 
-12.0 	 38.0 	 1510.85861777 
-12.0 	 40.0 	 49.836681799999994 
-12.0 	 120.0 	 7039.6443 
-12.0 	 122.0 	 8564.0716 
-12.0 	 124.0 	 4366.759 
-12.0 	 130.0 	 99.11420000000001 
-12.0 	 132.0 	 85.62921999999999 
-12.0 	 142.0 	 1712.52886 
-10.0 	 -80.0 	 1655.3922249999996 
-10.0 	 -78.0 	 8240.884573 
-10.0 	 -76.0 	 8346.354588 
-10.0 	 -74.0 	 307.375037 
-10.0 	 -72.0 	 2700.1065639999997 
-10.0 	 -70.0 	 8836.013329700001 
-10.0 	 -68.0 	 20270.4527349 
-10.0 	 -66.0 	 5149.908811009999 
-10.0 	 -64.0 	 25910.638316310004 
-10.0 	 -62.0 	 7945.7520146000015 
-10.0 	 -60.0 	 2430.3333004 
-10.0 	 -58.0 	 22340.636670440002 
-10.0 	 -56.0 	 15048.403110809999 
-10.0 	 -54.0 	 892.662965 
-10.0 	 -52.0 	 41508.897833799994 
-10.0 	 -50.0 	 39906.660208 
-10.0 	 -48.0 	 29655.286839 
-10.0 	 -46.0 	 55857.803734 
-10.0 	 -44.0 	 64940.5922345 
-10.0 	 -42.0 	 6057.157304020001 
-10.0 	 -40.0 	 6228.4406196 
-10.0 	 -38.0 	 145515.376795 
-10.0 	 -36.0 	 223045.77266000005 
-10.0 	 28.0 	 1150.95881661 
-10.0 	 30.0 	 3374.9965302999994 
-10.0 	 32.0 	 1986.0327875000003 
-10.0 	 34.0 	 2073.9582001 
-10.0 	 36.0 	 2065.7778921 
-10.0 	 38.0 	 1597.489519 
-10.0 	 110.0 	 32310.3061 
-10.0 	 112.0 	 58627.19642 
-10.0 	 114.0 	 32918.252689999994 
-10.0 	 116.0 	 32897.818549999996 
-10.0 	 118.0 	 36747.2917856 
-10.0 	 120.0 	 32652.132000000005 
-10.0 	 122.0 	 16050.3897 
-10.0 	 124.0 	 28912.075821 
-10.0 	 126.0 	 6.01144 
-10.0 	 128.0 	 432.15592 
-10.0 	 130.0 	 74.8216 
-10.0 	 136.0 	 115.8811 
-10.0 	 138.0 	 919.9857699999999 
-10.0 	 140.0 	 2560.89637 
-8.0 	 -82.0 	 32.099528199999995 
-8.0 	 -80.0 	 6394.213672 
-8.0 	 -78.0 	 28099.852921 
-8.0 	 -76.0 	 2153.082506 
-8.0 	 -74.0 	 2902.9802174100005 
-8.0 	 -72.0 	 1674.7463102999998 
-8.0 	 -70.0 	 1709.6260956999997 
-8.0 	 -68.0 	 1487.1946015 
-8.0 	 -66.0 	 1561.40201422 
-8.0 	 -64.0 	 3691.2771529200004 
-8.0 	 -62.0 	 559.4566199999999 
-8.0 	 -60.0 	 2590.67482184 
-8.0 	 -58.0 	 1813.1944726299998 
-8.0 	 -56.0 	 3263.8566984 
-8.0 	 -54.0 	 2666.41136202 
-8.0 	 -52.0 	 64843.4299533 
-8.0 	 -50.0 	 52972.4131522 
-8.0 	 -48.0 	 51251.660709799995 
-8.0 	 -46.0 	 88801.366249 
-8.0 	 -44.0 	 46424.223996 
-8.0 	 -42.0 	 44302.558655 
-8.0 	 -40.0 	 48041.35589 
-8.0 	 -38.0 	 15379.501137 
-8.0 	 -36.0 	 16320.370050000001 
-8.0 	 28.0 	 51.21372000000001 
-8.0 	 30.0 	 1592.5171623 
-8.0 	 32.0 	 2194.59844 
-8.0 	 34.0 	 2184.605129 
-8.0 	 36.0 	 2391.475726 
-8.0 	 38.0 	 1342.1861971 
-8.0 	 104.0 	 20795.3455 
-8.0 	 106.0 	 185686.56486 
-8.0 	 108.0 	 157748.9763 
-8.0 	 110.0 	 214421.09459999998 
-8.0 	 112.0 	 141281.10080000001 
-8.0 	 114.0 	 8639.2469 
-8.0 	 120.0 	 1115.179 
-8.0 	 124.0 	 23.8723 
-8.0 	 126.0 	 350.42941999999994 
-8.0 	 128.0 	 331.22958 
-8.0 	 130.0 	 2424.6484500000006 
-8.0 	 134.0 	 1299.516679 
-8.0 	 136.0 	 18.207839999999997 
-8.0 	 138.0 	 4416.1147 
-8.0 	 140.0 	 2743.74 
-6.0 	 -82.0 	 2628.6266818999998 
-6.0 	 -80.0 	 14258.5116027 
-6.0 	 -78.0 	 14710.793566500002 
-6.0 	 -76.0 	 10267.8123142 
-6.0 	 -74.0 	 3296.6223729999997 
-6.0 	 -72.0 	 1050.35274411 
-6.0 	 -70.0 	 489.17349249999995 
-6.0 	 -68.0 	 1987.3183064000004 
-6.0 	 -66.0 	 2468.9016714 
-6.0 	 -64.0 	 3972.9586804 
-6.0 	 -62.0 	 4919.34912473 
-6.0 	 -60.0 	 9837.431867549998 
-6.0 	 -58.0 	 6825.833534220001 
-6.0 	 -56.0 	 3444.070832000001 
-6.0 	 -54.0 	 865.6385115 
-6.0 	 -52.0 	 11730.206489799999 
-6.0 	 -50.0 	 63614.270886 
-6.0 	 -48.0 	 60957.1037759 
-6.0 	 -46.0 	 49593.931165999995 
-6.0 	 -44.0 	 12981.6643851 
-6.0 	 -42.0 	 40147.5877773 
-6.0 	 -40.0 	 42251.15528100001 
-6.0 	 -38.0 	 4340.127756 
-6.0 	 -36.0 	 1652.7792800000004 
-6.0 	 28.0 	 193.55967910000004 
-6.0 	 30.0 	 2417.7937193 
-6.0 	 32.0 	 2653.106169 
-6.0 	 34.0 	 2231.2754903 
-6.0 	 36.0 	 2137.7810406999997 
-6.0 	 38.0 	 1236.5171423999998 
-6.0 	 102.0 	 17738.780176 
-6.0 	 104.0 	 145063.5948 
-6.0 	 106.0 	 992.1016 
-6.0 	 112.0 	 1050.37 
-6.0 	 114.0 	 2490.8945200000003 
-6.0 	 116.0 	 43.8595 
-6.0 	 118.0 	 35514.45427 
-6.0 	 120.0 	 45205.49391 
-6.0 	 122.0 	 10538.57693 
-6.0 	 124.0 	 131.813 
-6.0 	 130.0 	 7.60361 
-6.0 	 132.0 	 595.704046 
-6.0 	 134.0 	 777.104 
-6.0 	 136.0 	 6032.591442000002 
-6.0 	 138.0 	 7755.430351000001 
-6.0 	 140.0 	 5510.63617 
-4.0 	 -82.0 	 3071.238172 
-4.0 	 -80.0 	 51282.829164999996 
-4.0 	 -78.0 	 12510.311076299997 
-4.0 	 -76.0 	 3564.1563644 
-4.0 	 -74.0 	 1821.920945 
-4.0 	 -72.0 	 985.17134356 
-4.0 	 -70.0 	 614.70062856 
-4.0 	 -68.0 	 2227.0760946 
-4.0 	 -66.0 	 3450.3339679100004 
-4.0 	 -64.0 	 2053.94752 
-4.0 	 -62.0 	 11350.82878182 
-4.0 	 -60.0 	 10438.1021512 
-4.0 	 -58.0 	 18865.448997710002 
-4.0 	 -56.0 	 10768.6093254 
-4.0 	 -54.0 	 15925.44121132 
-4.0 	 -52.0 	 12818.958683699999 
-4.0 	 -50.0 	 34188.7537915 
-4.0 	 -48.0 	 57487.1116807 
-4.0 	 -46.0 	 53527.5243262 
-4.0 	 -44.0 	 32856.3726522 
-4.0 	 -42.0 	 52549.594702 
-4.0 	 -40.0 	 126038.53369 
-4.0 	 28.0 	 33.692165599999996 
-4.0 	 30.0 	 1378.0381372 
-4.0 	 32.0 	 2315.2496954 
-4.0 	 34.0 	 2189.0991738999996 
-4.0 	 36.0 	 2191.645544 
-4.0 	 38.0 	 2134.3223924000004 
-4.0 	 40.0 	 80.71366870000001 
-4.0 	 98.0 	 322.44706 
-4.0 	 100.0 	 15708.541353999997 
-4.0 	 102.0 	 83821.0932 
-4.0 	 104.0 	 83862.02429 
-4.0 	 106.0 	 13061.21697 
-4.0 	 108.0 	 1721.75135 
-4.0 	 110.0 	 16934.214908 
-4.0 	 112.0 	 15470.22152 
-4.0 	 114.0 	 80763.15376000002 
-4.0 	 116.0 	 9559.4514 
-4.0 	 118.0 	 25888.277410000002 
-4.0 	 120.0 	 34440.299957 
-4.0 	 122.0 	 2793.5609729999996 
-4.0 	 124.0 	 64.209381 
-4.0 	 126.0 	 3183.114521 
-4.0 	 128.0 	 3352.5443729999997 
-4.0 	 130.0 	 1639.899002 
-4.0 	 132.0 	 3478.25851 
-4.0 	 134.0 	 2384.5585220000003 
-4.0 	 136.0 	 7287.1939090000005 
-4.0 	 138.0 	 6941.186712 
-4.0 	 140.0 	 1749.3518238000001 
-2.0 	 -92.0 	 21.315816 
-2.0 	 -90.0 	 0.4719199 
-2.0 	 -82.0 	 10973.882599999997 
-2.0 	 -80.0 	 95706.96747 
-2.0 	 -78.0 	 35885.583699999996 
-2.0 	 -76.0 	 903.6359374100001 
-2.0 	 -74.0 	 234.377832926 
-2.0 	 -72.0 	 3.12485277 
-2.0 	 -70.0 	 7825.995239870001 
-2.0 	 -68.0 	 7585.096918110001 
-2.0 	 -66.0 	 1991.9041249000002 
-2.0 	 -64.0 	 11901.438157210001 
-2.0 	 -62.0 	 7562.652200019999 
-2.0 	 -60.0 	 2903.76528623 
-2.0 	 -58.0 	 1237.92333024 
-2.0 	 -56.0 	 9734.0401652 
-2.0 	 -54.0 	 10891.24378293 
-2.0 	 -52.0 	 12523.263404710002 
-2.0 	 -50.0 	 28601.43697546 
-2.0 	 -48.0 	 60208.42221 
-2.0 	 -46.0 	 7736.8145810000005 
-2.0 	 30.0 	 588.24875 
-2.0 	 32.0 	 139.9791678 
-2.0 	 34.0 	 2107.9180034 
-2.0 	 36.0 	 1412.4734987999998 
-2.0 	 38.0 	 2283.080063 
-2.0 	 40.0 	 997.1911301999999 
-2.0 	 98.0 	 7463.232717999999 
-2.0 	 100.0 	 59755.482529999994 
-2.0 	 102.0 	 62732.406913 
-2.0 	 104.0 	 14110.277559999999 
-2.0 	 106.0 	 714.35365 
-2.0 	 108.0 	 15371.357506999999 
-2.0 	 110.0 	 31652.831549999995 
-2.0 	 112.0 	 21116.585120000003 
-2.0 	 114.0 	 27936.93902 
-2.0 	 116.0 	 16002.61157 
-2.0 	 118.0 	 13723.434430999998 
-2.0 	 120.0 	 17348.225856999998 
-2.0 	 122.0 	 8521.671910000001 
-2.0 	 124.0 	 806.2789299999998 
-2.0 	 126.0 	 770.3439190000001 
-2.0 	 128.0 	 137.802416 
-2.0 	 130.0 	 2669.6610990000004 
-2.0 	 132.0 	 4657.0244139999995 
-2.0 	 134.0 	 509.7377300000001 
-2.0 	 136.0 	 421.707699 
-2.0 	 138.0 	 70.105748 
0.0 	 -92.0 	 0.7302323 
0.0 	 -82.0 	 421.73389999999995 
0.0 	 -80.0 	 74856.290044 
0.0 	 -78.0 	 7246.45611881 
0.0 	 -76.0 	 2178.38479525 
0.0 	 -74.0 	 2108.83619402 
0.0 	 -72.0 	 486.3398548900001 
0.0 	 -70.0 	 163.00793463000002 
0.0 	 -68.0 	 1844.984737524 
0.0 	 -66.0 	 1409.897209202 
0.0 	 -64.0 	 4721.55708133 
0.0 	 -62.0 	 11263.40766651 
0.0 	 -60.0 	 3568.259555020001 
0.0 	 -58.0 	 425.50673922 
0.0 	 -56.0 	 2591.4019184100002 
0.0 	 -54.0 	 130.45418004 
0.0 	 -52.0 	 11814.034488149999 
0.0 	 -50.0 	 152.87683662999999 
0.0 	 14.0 	 109.30237 
0.0 	 16.0 	 5.171741999999999 
0.0 	 32.0 	 0.5976519 
0.0 	 34.0 	 2189.6653192999997 
0.0 	 36.0 	 2924.7071441 
0.0 	 38.0 	 2923.6903384999996 
0.0 	 40.0 	 1912.5416400000001 
0.0 	 96.0 	 9772.099289999998 
0.0 	 98.0 	 39397.98418299999 
0.0 	 100.0 	 62936.81709 
0.0 	 102.0 	 76769.23165 
0.0 	 104.0 	 10859.11999 
0.0 	 108.0 	 41763.83597 
0.0 	 110.0 	 124560.8592 
0.0 	 112.0 	 29205.751146000002 
0.0 	 114.0 	 10007.278570000002 
0.0 	 116.0 	 16604.34912 
0.0 	 118.0 	 1814.6804700000002 
0.0 	 120.0 	 15144.35358 
0.0 	 122.0 	 15053.080689999999 
0.0 	 124.0 	 8992.99857 
0.0 	 126.0 	 1125.535919 
0.0 	 128.0 	 1059.22355 
2.0 	 -80.0 	 320.76519139999994 
2.0 	 -78.0 	 6836.26466739 
2.0 	 -76.0 	 12667.872270999998 
2.0 	 -74.0 	 12897.848729500001 
2.0 	 -72.0 	 5364.2818326 
2.0 	 -70.0 	 2225.73045226 
2.0 	 -68.0 	 2280.630618424 
2.0 	 -66.0 	 1839.1310806800002 
2.0 	 -64.0 	 451.81289937400004 
2.0 	 -62.0 	 53777.45678252999 
2.0 	 -60.0 	 6188.5581 
2.0 	 -58.0 	 30.7789 
2.0 	 -56.0 	 1224.6416767000003 
2.0 	 -54.0 	 96.83481170999998 
2.0 	 -52.0 	 912.37272051 
2.0 	 8.0 	 2150.729186 
2.0 	 10.0 	 46366.2046018 
2.0 	 12.0 	 6900.499595 
2.0 	 14.0 	 10922.475988 
2.0 	 16.0 	 41.444886 
2.0 	 30.0 	 170.18893531999998 
2.0 	 32.0 	 213.42459610999998 
2.0 	 34.0 	 1025.3330110000002 
2.0 	 36.0 	 741.2673480000001 
2.0 	 38.0 	 5214.15093 
2.0 	 40.0 	 2267.2995485 
2.0 	 94.0 	 2522.6681000000003 
2.0 	 96.0 	 20062.41299 
2.0 	 98.0 	 103969.31554000001 
2.0 	 100.0 	 125418.97342 
2.0 	 102.0 	 221260.89719999998 
2.0 	 104.0 	 1638.285031 
2.0 	 106.0 	 161.6952 
2.0 	 108.0 	 1533.8054 
2.0 	 110.0 	 26252.426900000002 
2.0 	 112.0 	 91307.66597000002 
2.0 	 114.0 	 52184.95212 
2.0 	 116.0 	 4818.05658 
2.0 	 118.0 	 20.73216 
2.0 	 124.0 	 250.08270000000002 
2.0 	 126.0 	 92.35991 
2.0 	 128.0 	 821.2551569999999 
4.0 	 -78.0 	 1727.826022363 
4.0 	 -76.0 	 14623.91651 
4.0 	 -74.0 	 15524.246759999998 
4.0 	 -72.0 	 15389.152545949999 
4.0 	 -70.0 	 4093.8724007099995 
4.0 	 -68.0 	 8098.186430994 
4.0 	 -66.0 	 3637.5248348380005 
4.0 	 -64.0 	 6704.5437406 
4.0 	 -62.0 	 6392.158673100001 
4.0 	 -60.0 	 1570.03871 
4.0 	 -52.0 	 4.1438731 
4.0 	 -8.0 	 58428.242546999994 
4.0 	 -6.0 	 51959.050717000006 
4.0 	 -4.0 	 30129.468760999996 
4.0 	 -2.0 	 26.742630099999996 
4.0 	 0.0 	 11.486488 
4.0 	 4.0 	 860.555434 
4.0 	 6.0 	 5302.458171 
4.0 	 8.0 	 17735.094914399997 
4.0 	 10.0 	 27966.6491786 
4.0 	 12.0 	 21108.242771999998 
4.0 	 14.0 	 43913.0843 
4.0 	 26.0 	 358.5628193140001 
4.0 	 28.0 	 1478.9462529300004 
4.0 	 30.0 	 2229.4732839460003 
4.0 	 32.0 	 2695.49816457 
4.0 	 34.0 	 3006.1868493 
4.0 	 36.0 	 5793.6583439999995 
4.0 	 38.0 	 58514.3172271 
4.0 	 40.0 	 8951.0808 
4.0 	 42.0 	 3913.98241 
4.0 	 44.0 	 1243.114782 
4.0 	 80.0 	 10711.893 
4.0 	 94.0 	 17263.686026000003 
4.0 	 96.0 	 55711.939609999994 
4.0 	 98.0 	 4978.36904 
4.0 	 100.0 	 244135.35534 
4.0 	 102.0 	 109398.21586000001 
4.0 	 106.0 	 24.1376 
4.0 	 108.0 	 178.4336 
4.0 	 112.0 	 3759.1729 
4.0 	 114.0 	 96039.0660024 
4.0 	 116.0 	 164232.05521000002 
4.0 	 118.0 	 84092.14107999999 
4.0 	 120.0 	 2304.7557899999997 
4.0 	 124.0 	 8467.559799999999 
4.0 	 126.0 	 1144.49006 
6.0 	 -78.0 	 3761.529179063 
6.0 	 -76.0 	 13797.61487 
6.0 	 -74.0 	 14342.68862 
6.0 	 -72.0 	 21560.292139999998 
6.0 	 -70.0 	 20413.53683 
6.0 	 -68.0 	 13571.401750600002 
6.0 	 -66.0 	 3225.6507693999997 
6.0 	 -64.0 	 6765.8836505 
6.0 	 -62.0 	 2826.524944999999 
6.0 	 -10.0 	 13834.618869000002 
6.0 	 -8.0 	 91772.68798959999 
6.0 	 -6.0 	 51725.1040427 
6.0 	 -4.0 	 38242.468163419995 
6.0 	 -2.0 	 169.8950862 
6.0 	 0.0 	 46.425286973 
6.0 	 2.0 	 2246.826746 
6.0 	 4.0 	 5042.542396999999 
6.0 	 6.0 	 8206.360419999999 
6.0 	 8.0 	 8641.128453000001 
6.0 	 10.0 	 41520.89126499999 
6.0 	 12.0 	 53948.4267926 
6.0 	 14.0 	 20976.111603 
6.0 	 24.0 	 527.85335976 
6.0 	 26.0 	 2792.3545992000004 
6.0 	 28.0 	 2338.6661667500002 
6.0 	 30.0 	 2042.5175333999998 
6.0 	 32.0 	 2327.27449002 
6.0 	 34.0 	 2719.1412724999996 
6.0 	 36.0 	 46841.43182779999 
6.0 	 38.0 	 73199.3825372 
6.0 	 40.0 	 33760.558421 
6.0 	 42.0 	 1543.3839 
6.0 	 44.0 	 3270.038112 
6.0 	 46.0 	 1665.4066819999998 
6.0 	 78.0 	 72869.3109 
6.0 	 80.0 	 1020762.7940999999 
6.0 	 92.0 	 8878.9731 
6.0 	 98.0 	 13524.602724 
6.0 	 100.0 	 51862.318000000014 
6.0 	 102.0 	 8251.131000000001 
6.0 	 116.0 	 75255.0452 
6.0 	 120.0 	 1861.0613 
6.0 	 122.0 	 47622.5166 
6.0 	 124.0 	 130963.97469999999 
6.0 	 126.0 	 19510.06813 
8.0 	 -86.0 	 6403.58763 
8.0 	 -84.0 	 18306.97018 
8.0 	 -78.0 	 3292.2427704 
8.0 	 -76.0 	 16517.108650000002 
8.0 	 -74.0 	 23617.8301202 
8.0 	 -72.0 	 23587.824860000004 
8.0 	 -70.0 	 19529.92391 
8.0 	 -68.0 	 23367.47599 
8.0 	 -66.0 	 23036.2643656 
8.0 	 -64.0 	 7308.554331099999 
8.0 	 -62.0 	 901.9455662480001 
8.0 	 -60.0 	 4.455827 
8.0 	 -10.0 	 1377.7298069999997 
8.0 	 -8.0 	 13598.577915999998 
8.0 	 -6.0 	 7628.662188 
8.0 	 -4.0 	 9707.265672299998 
8.0 	 -2.0 	 293.3177347 
8.0 	 0.0 	 49.5835866 
8.0 	 2.0 	 3798.5997899999998 
8.0 	 4.0 	 7829.547479 
8.0 	 6.0 	 9315.381062 
8.0 	 8.0 	 7477.585115 
8.0 	 10.0 	 7548.3582799999995 
8.0 	 12.0 	 3927.037143 
8.0 	 14.0 	 2133.7097449999997 
8.0 	 22.0 	 201.90880980000003 
8.0 	 24.0 	 1822.6648286500001 
8.0 	 26.0 	 1993.85177964 
8.0 	 28.0 	 2281.11396406 
8.0 	 30.0 	 2573.9281189800004 
8.0 	 32.0 	 2634.78476388 
8.0 	 34.0 	 13300.070767599998 
8.0 	 36.0 	 4320.8634113 
8.0 	 38.0 	 43376.46195 
8.0 	 40.0 	 81726.08398599998 
8.0 	 42.0 	 13190.907922000002 
8.0 	 44.0 	 930.8819640000002 
8.0 	 46.0 	 253.43022000000002 
8.0 	 76.0 	 124237.8117 
8.0 	 78.0 	 40794.49969999999 
8.0 	 80.0 	 76560.34319999999 
8.0 	 92.0 	 349.91089999999997 
8.0 	 98.0 	 23675.247816 
8.0 	 100.0 	 723.9803 
8.0 	 104.0 	 291280.98089999997 
8.0 	 106.0 	 43173.948 
8.0 	 116.0 	 4456.5106 
8.0 	 118.0 	 6580.099560000001 
8.0 	 122.0 	 50246.17719999999 
8.0 	 124.0 	 46030.338220000005 
8.0 	 126.0 	 6418.30176 
10.0 	 -88.0 	 1055.2321 
10.0 	 -86.0 	 41629.106676 
10.0 	 -84.0 	 6254.5648077000005 
10.0 	 -76.0 	 5650.962215800001 
10.0 	 -74.0 	 14284.203194473 
10.0 	 -72.0 	 11422.262295980003 
10.0 	 -70.0 	 7017.016279999999 
10.0 	 -68.0 	 2919.6487122 
10.0 	 -66.0 	 2849.2714699999997 
10.0 	 -64.0 	 3417.7168164999994 
10.0 	 -62.0 	 4429.11272 
10.0 	 -10.0 	 8.44577 
10.0 	 -8.0 	 1039.0125222000001 
10.0 	 -6.0 	 481.26766 
10.0 	 -4.0 	 32.1543913 
10.0 	 -2.0 	 138.53508399999998 
10.0 	 0.0 	 7.301338 
10.0 	 2.0 	 918.603178 
10.0 	 4.0 	 7992.705879000001 
10.0 	 6.0 	 7261.570028 
10.0 	 8.0 	 6575.299288 
10.0 	 10.0 	 6152.7011 
10.0 	 12.0 	 8208.82742 
10.0 	 14.0 	 13673.810319999999 
10.0 	 22.0 	 1700.869972 
10.0 	 24.0 	 3514.0988999999995 
10.0 	 26.0 	 3385.1723633 
10.0 	 28.0 	 3389.7965253 
10.0 	 30.0 	 3396.50122 
10.0 	 32.0 	 3296.1359928 
10.0 	 34.0 	 12161.876157300001 
10.0 	 36.0 	 22706.264835300004 
10.0 	 38.0 	 3119.996376 
10.0 	 40.0 	 41675.797968 
10.0 	 42.0 	 2634.57028 
10.0 	 74.0 	 17551.385199999997 
10.0 	 76.0 	 231452.0854 
10.0 	 78.0 	 125131.76736 
10.0 	 92.0 	 13247.771690000001 
10.0 	 98.0 	 6887.282751000001 
10.0 	 102.0 	 2015.932179 
10.0 	 104.0 	 324271.6172999999 
10.0 	 106.0 	 410655.10225 
10.0 	 108.0 	 109369.36862000001 
10.0 	 118.0 	 8747.4511 
10.0 	 120.0 	 1184.4019 
10.0 	 122.0 	 93197.60960000001 
10.0 	 124.0 	 34908.94969 
12.0 	 -92.0 	 1069.4573 
12.0 	 -90.0 	 174149.9471 
12.0 	 -88.0 	 22305.105084 
12.0 	 -86.0 	 14965.964623300002 
12.0 	 -84.0 	 1188.5966494999998 
12.0 	 -74.0 	 68.4303 
12.0 	 -72.0 	 454.24273000000005 
12.0 	 -70.0 	 91.29190000000001 
12.0 	 2.0 	 692.9228169999999 
12.0 	 4.0 	 7591.202140000001 
12.0 	 6.0 	 5270.55184 
12.0 	 8.0 	 5105.6991 
12.0 	 10.0 	 4264.6106500000005 
12.0 	 12.0 	 4050.4177500000005 
12.0 	 14.0 	 2268.9532700000004 
12.0 	 20.0 	 32.55788 
12.0 	 22.0 	 3070.20934 
12.0 	 24.0 	 3276.7978019999996 
12.0 	 26.0 	 3228.6720040000005 
12.0 	 28.0 	 3356.01097 
12.0 	 30.0 	 3569.8002490000003 
12.0 	 32.0 	 3666.3419699999995 
12.0 	 34.0 	 3434.513876 
12.0 	 36.0 	 6033.250950600001 
12.0 	 38.0 	 56615.778676 
12.0 	 40.0 	 12625.849192 
12.0 	 42.0 	 285.6211 
12.0 	 74.0 	 93136.44750000001 
12.0 	 76.0 	 129878.3404 
12.0 	 78.0 	 82667.8696 
12.0 	 80.0 	 8790.63751 
12.0 	 92.0 	 31283.503740000004 
12.0 	 96.0 	 6.46289 
12.0 	 98.0 	 21565.947613999997 
12.0 	 100.0 	 41858.2803 
12.0 	 102.0 	 18732.293562 
12.0 	 106.0 	 45216.582839999995 
12.0 	 108.0 	 250554.2096 
12.0 	 118.0 	 218.9307 
12.0 	 120.0 	 39655.5522 
12.0 	 122.0 	 37481.45132 
12.0 	 124.0 	 15811.64764 
14.0 	 -98.0 	 42531.08009000001 
14.0 	 -96.0 	 29.41242 
14.0 	 -94.0 	 132387.01540099998 
14.0 	 -92.0 	 230251.7362 
14.0 	 -90.0 	 499678.9020279 
14.0 	 -86.0 	 780.4313839 
14.0 	 -84.0 	 1509.7861348000001 
14.0 	 22.0 	 1864.6223600000003 
14.0 	 24.0 	 2801.5393010000003 
14.0 	 26.0 	 2529.463772 
14.0 	 28.0 	 2454.100898 
14.0 	 30.0 	 3088.8235560000003 
14.0 	 32.0 	 3624.799591 
14.0 	 34.0 	 3833.432763 
14.0 	 36.0 	 28316.189741 
14.0 	 38.0 	 55320.35997999999 
14.0 	 40.0 	 246.50973000000002 
14.0 	 72.0 	 6922.7352 
14.0 	 74.0 	 99829.22957 
14.0 	 76.0 	 98555.7401 
14.0 	 78.0 	 54940.30851 
14.0 	 80.0 	 10250.92484 
14.0 	 94.0 	 850.54851 
14.0 	 96.0 	 731.3817200000001 
14.0 	 98.0 	 58718.900446 
14.0 	 100.0 	 138060.9129 
14.0 	 102.0 	 118531.9522 
14.0 	 104.0 	 70606.292564 
14.0 	 106.0 	 70848.7938 
14.0 	 108.0 	 184929.8174 
14.0 	 118.0 	 3711.3352 
14.0 	 120.0 	 77457.39576 
14.0 	 122.0 	 5232.73218 
14.0 	 124.0 	 201.2026 
16.0 	 -102.0 	 1210.6681640000002 
16.0 	 -100.0 	 124451.50620300001 
16.0 	 -98.0 	 228311.98495490002 
16.0 	 -96.0 	 476138.83702700003 
16.0 	 -94.0 	 280903.55252 
16.0 	 -92.0 	 71282.591163 
16.0 	 -90.0 	 4484.005942899999 
16.0 	 -72.0 	 664.865 
16.0 	 24.0 	 19.47287 
16.0 	 26.0 	 62.18567999999999 
16.0 	 28.0 	 61.203419999999994 
16.0 	 30.0 	 863.6570559999999 
16.0 	 32.0 	 1781.80683 
16.0 	 34.0 	 1565.625944 
16.0 	 36.0 	 1373.0094599999998 
16.0 	 38.0 	 124.0898541 
16.0 	 40.0 	 43.7591456 
16.0 	 42.0 	 10145.113189189999 
16.0 	 44.0 	 190.01223530000001 
16.0 	 46.0 	 5.594659099999999 
16.0 	 52.0 	 911.8812800000001 
16.0 	 54.0 	 531.869701 
16.0 	 56.0 	 29.57286 
16.0 	 72.0 	 221731.595 
16.0 	 74.0 	 187266.869 
16.0 	 76.0 	 183990.4759 
16.0 	 78.0 	 103631.95213000002 
16.0 	 80.0 	 138202.46497000003 
16.0 	 82.0 	 29207.858700489996 
16.0 	 94.0 	 30269.735329999996 
16.0 	 96.0 	 16184.621280000001 
16.0 	 98.0 	 52396.041384 
16.0 	 100.0 	 78858.086171 
16.0 	 102.0 	 98683.1024 
16.0 	 104.0 	 38485.260744 
16.0 	 106.0 	 178733.25101 
16.0 	 108.0 	 9655.6294 
16.0 	 118.0 	 1983.9270000000001 
16.0 	 120.0 	 140543.91 
16.0 	 122.0 	 13094.230319999999 
18.0 	 -156.0 	 7.511062939999999 
18.0 	 -106.0 	 2438.85621 
18.0 	 -104.0 	 11566.549649999999 
18.0 	 -102.0 	 10586.720819999999 
18.0 	 -100.0 	 187883.5275576 
18.0 	 -98.0 	 373978.03675 
18.0 	 -96.0 	 93536.37080299998 
18.0 	 -94.0 	 4387.3936186 
18.0 	 -92.0 	 2331.3746832 
18.0 	 -90.0 	 1956.20986579 
18.0 	 -88.0 	 548.1586732 
18.0 	 -78.0 	 228.35139500000005 
18.0 	 -76.0 	 168.00374 
18.0 	 -72.0 	 124381.12646999999 
18.0 	 -70.0 	 82824.44207000002 
18.0 	 30.0 	 377.457562 
18.0 	 32.0 	 235.671488 
18.0 	 34.0 	 478.08532 
18.0 	 36.0 	 966.3848373 
18.0 	 38.0 	 56.664666 
18.0 	 40.0 	 591.6502692199999 
18.0 	 42.0 	 852.12419135 
18.0 	 44.0 	 1244.86504752 
18.0 	 50.0 	 2.787622788 
18.0 	 52.0 	 68.09415228 
18.0 	 54.0 	 66.74914199999999 
18.0 	 56.0 	 182.95728899999997 
18.0 	 72.0 	 80454.8171 
18.0 	 74.0 	 200644.973 
18.0 	 76.0 	 195151.195 
18.0 	 78.0 	 108586.73885 
18.0 	 80.0 	 39674.4269 
18.0 	 82.0 	 104174.259523 
18.0 	 84.0 	 61633.312600000005 
18.0 	 86.0 	 2458.7525000000005 
18.0 	 92.0 	 816.07377 
18.0 	 94.0 	 10961.592728 
18.0 	 96.0 	 8107.3657077 
18.0 	 98.0 	 24433.267858299998 
18.0 	 100.0 	 16721.235389899997 
18.0 	 102.0 	 7487.979197000001 
18.0 	 104.0 	 279532.877164 
18.0 	 106.0 	 17458.868 
18.0 	 108.0 	 35622.5212 
18.0 	 110.0 	 18138.8027 
18.0 	 120.0 	 21124.467 
18.0 	 122.0 	 1409.0457900000001 
20.0 	 -160.0 	 0.5488986 
20.0 	 -158.0 	 12.42840753 
20.0 	 -156.0 	 0.045210087999999996 
20.0 	 -106.0 	 6742.5092589999995 
20.0 	 -104.0 	 16577.471680000002 
20.0 	 -102.0 	 15910.631429999998 
20.0 	 -100.0 	 10343.22953 
20.0 	 -98.0 	 3846.3769699999993 
20.0 	 -92.0 	 665.8105629 
20.0 	 -90.0 	 3913.9424524999995 
20.0 	 -88.0 	 1164.1233819499998 
20.0 	 -86.0 	 83.52388 
20.0 	 -84.0 	 508.4820428 
20.0 	 -82.0 	 76.45378 
20.0 	 -80.0 	 3039.537685 
20.0 	 -78.0 	 6509.860966800001 
20.0 	 -76.0 	 3057.339472 
20.0 	 0.0 	 6.05091 
20.0 	 2.0 	 49.05729000000001 
20.0 	 4.0 	 29.16827 
20.0 	 6.0 	 4.14316 
20.0 	 18.0 	 1.19208 
20.0 	 30.0 	 100.9836 
20.0 	 32.0 	 2495.6343100000004 
20.0 	 34.0 	 821.6757699999998 
20.0 	 36.0 	 219.55336999999997 
20.0 	 38.0 	 169.50500479 
20.0 	 40.0 	 1441.00813138 
20.0 	 42.0 	 38.46732758 
20.0 	 44.0 	 1041.87561948 
20.0 	 46.0 	 1.8149574999999998 
20.0 	 52.0 	 8.622373580000001 
20.0 	 54.0 	 88.1993443 
20.0 	 56.0 	 0.121227 
20.0 	 58.0 	 0.536165 
20.0 	 68.0 	 7565.8684 
20.0 	 70.0 	 92509.05245 
20.0 	 72.0 	 70092.86842799999 
20.0 	 74.0 	 125991.73620000001 
20.0 	 76.0 	 137819.3402 
20.0 	 78.0 	 145589.54973 
20.0 	 80.0 	 150879.93695 
20.0 	 82.0 	 142373.99287 
20.0 	 84.0 	 109235.66700000002 
20.0 	 86.0 	 138261.57786000002 
20.0 	 88.0 	 43434.94486000001 
20.0 	 90.0 	 8255.608199999999 
20.0 	 92.0 	 21653.014081999998 
20.0 	 94.0 	 11574.146223 
20.0 	 96.0 	 5259.062516000001 
20.0 	 98.0 	 6313.02441 
20.0 	 100.0 	 8103.297617 
20.0 	 102.0 	 51047.262689999996 
20.0 	 104.0 	 498523.1212 
20.0 	 106.0 	 263920.84369999997 
20.0 	 108.0 	 19528.865550000002 
20.0 	 110.0 	 28414.000098999997 
20.0 	 112.0 	 3463.35485 
20.0 	 120.0 	 367.77200000000005 
22.0 	 -160.0 	 0.09795546 
22.0 	 -112.0 	 1541.8865029000006 
22.0 	 -110.0 	 1601.3982499999997 
22.0 	 -108.0 	 1157.02537 
22.0 	 -106.0 	 115548.476291 
22.0 	 -104.0 	 15716.78685 
22.0 	 -102.0 	 7599.660779000002 
22.0 	 -100.0 	 12806.558655999997 
22.0 	 -98.0 	 1294.59418 
22.0 	 -86.0 	 498.8628117 
22.0 	 -84.0 	 2967.265929 
22.0 	 -82.0 	 3912.9098971 
22.0 	 -80.0 	 1918.38542 
22.0 	 -78.0 	 26.802599999999998 
22.0 	 2.0 	 519.728188 
22.0 	 4.0 	 146.25853999999998 
22.0 	 6.0 	 30.08564 
22.0 	 8.0 	 42.46523 
22.0 	 14.0 	 1.9845 
22.0 	 18.0 	 9.146414 
22.0 	 20.0 	 11.641136 
22.0 	 24.0 	 154671.75780000002 
22.0 	 26.0 	 200318.3596 
22.0 	 28.0 	 18229.84714 
22.0 	 30.0 	 914.2975 
22.0 	 32.0 	 1877.2014 
22.0 	 34.0 	 1011.5740660000001 
22.0 	 36.0 	 0.0335489 
22.0 	 38.0 	 205.93568465999996 
22.0 	 40.0 	 41.970747030000005 
22.0 	 42.0 	 5.006141079999999 
22.0 	 44.0 	 35.001168549999996 
22.0 	 46.0 	 182.02299204000002 
22.0 	 48.0 	 5.23297629 
22.0 	 52.0 	 741.7879979500001 
22.0 	 54.0 	 1347.8783596000003 
22.0 	 56.0 	 253.29142070000003 
22.0 	 58.0 	 166.712026 
22.0 	 68.0 	 19544.693059999998 
22.0 	 70.0 	 81151.177252 
22.0 	 72.0 	 143695.6618 
22.0 	 74.0 	 248698.923 
22.0 	 76.0 	 251254.04499999998 
22.0 	 78.0 	 167370.15159999998 
22.0 	 80.0 	 112656.28641 
22.0 	 82.0 	 121117.58989999999 
22.0 	 84.0 	 116680.0963 
22.0 	 86.0 	 222269.16100000002 
22.0 	 88.0 	 393504.68703000003 
22.0 	 90.0 	 227815.34339999998 
22.0 	 92.0 	 72236.378461 
22.0 	 94.0 	 6322.353347999999 
22.0 	 96.0 	 4099.0644760000005 
22.0 	 98.0 	 31543.417079 
22.0 	 100.0 	 60817.25839 
22.0 	 102.0 	 133398.53142 
22.0 	 104.0 	 362651.4577 
22.0 	 106.0 	 157042.1225 
22.0 	 108.0 	 135201.3284 
22.0 	 110.0 	 102778.3186 
22.0 	 112.0 	 53760.4104004 
22.0 	 114.0 	 40113.591366 
22.0 	 116.0 	 22784.310422000002 
22.0 	 120.0 	 700314.1685129999 
24.0 	 -114.0 	 475.58959999999996 
24.0 	 -112.0 	 5396.8980200000005 
24.0 	 -110.0 	 2199.55719725 
24.0 	 -108.0 	 23033.3701234 
24.0 	 -106.0 	 9392.841045000001 
24.0 	 -104.0 	 9189.0894377 
24.0 	 -102.0 	 67009.16064999999 
24.0 	 -100.0 	 17783.170439999998 
24.0 	 -98.0 	 3957.7964 
24.0 	 -82.0 	 4671.347013 
24.0 	 -6.0 	 24.44534 
24.0 	 -4.0 	 71.48061000000001 
24.0 	 -2.0 	 8.97551 
24.0 	 2.0 	 52.37381 
24.0 	 4.0 	 78.22876 
24.0 	 6.0 	 195.72762 
24.0 	 8.0 	 170.13746999999998 
24.0 	 10.0 	 12.497001 
24.0 	 12.0 	 2.54507 
24.0 	 14.0 	 5.143358 
24.0 	 16.0 	 8.901027 
24.0 	 22.0 	 8.295473000000001 
24.0 	 24.0 	 135.721238 
24.0 	 26.0 	 98245.29999999999 
24.0 	 28.0 	 108881.397 
24.0 	 30.0 	 594785.32649 
24.0 	 32.0 	 23056.486 
24.0 	 34.0 	 255.5336 
24.0 	 36.0 	 8.4107098 
24.0 	 38.0 	 123.611392 
24.0 	 40.0 	 25.326031630000003 
24.0 	 42.0 	 2088.72990653 
24.0 	 44.0 	 3018.0610357699998 
24.0 	 46.0 	 3713.4395438100005 
24.0 	 48.0 	 950.27503279 
24.0 	 50.0 	 680.48085928 
24.0 	 54.0 	 8122.333945 
24.0 	 56.0 	 1019.5025960000002 
24.0 	 58.0 	 162.7115 
24.0 	 60.0 	 47.86531000000001 
24.0 	 62.0 	 356.58729999999997 
24.0 	 64.0 	 112.41111 
24.0 	 66.0 	 40517.992060000004 
24.0 	 68.0 	 95357.8436 
24.0 	 70.0 	 124318.90173 
24.0 	 72.0 	 114486.2911 
24.0 	 74.0 	 140092.8545 
24.0 	 76.0 	 132498.1516 
24.0 	 78.0 	 173935.631 
24.0 	 80.0 	 202150.7168 
24.0 	 82.0 	 229124.82529999997 
24.0 	 84.0 	 207355.4668 
24.0 	 86.0 	 194529.5655 
24.0 	 88.0 	 353199.97954000003 
24.0 	 90.0 	 269229.69645099994 
24.0 	 92.0 	 164577.10725499998 
24.0 	 94.0 	 26264.937937400002 
24.0 	 96.0 	 5941.395857 
24.0 	 98.0 	 40091.896587999996 
24.0 	 100.0 	 58203.64671999999 
24.0 	 102.0 	 89238.04868 
24.0 	 104.0 	 138151.03459999998 
24.0 	 106.0 	 61748.992099999996 
24.0 	 108.0 	 80631.13070000001 
24.0 	 110.0 	 89682.59477 
24.0 	 112.0 	 55398.1269 
24.0 	 114.0 	 63431.6422 
24.0 	 116.0 	 56275.664489999996 
24.0 	 118.0 	 31024.694053699997 
24.0 	 120.0 	 410718.53488 
24.0 	 122.0 	 50.53798 
24.0 	 124.0 	 87.37469999999999 
26.0 	 -116.0 	 542.58797 
26.0 	 -114.0 	 7104.3257 
26.0 	 -112.0 	 2198.4815479999997 
26.0 	 -110.0 	 10366.514467 
26.0 	 -108.0 	 7870.7418751000005 
26.0 	 -106.0 	 46770.071291 
26.0 	 -104.0 	 77006.165259 
26.0 	 -102.0 	 20334.8664543 
26.0 	 -100.0 	 17012.27745 
26.0 	 -98.0 	 3713.16557198 
26.0 	 -84.0 	 14865.624569999998 
26.0 	 -82.0 	 66227.18509039999 
26.0 	 -20.0 	 1.813712 
26.0 	 -16.0 	 3.8487189999999996 
26.0 	 -12.0 	 37.61255 
26.0 	 -10.0 	 436.611573 
26.0 	 -8.0 	 79.82390999999998 
26.0 	 -6.0 	 11.0768 
26.0 	 -4.0 	 102.77425999999998 
26.0 	 -2.0 	 388.29725999999994 
26.0 	 0.0 	 912.3949550000001 
26.0 	 2.0 	 452.097086 
26.0 	 4.0 	 313.468135 
26.0 	 6.0 	 225.80506000000003 
26.0 	 8.0 	 163.457807 
26.0 	 10.0 	 179.37706400000002 
26.0 	 12.0 	 65.849969 
26.0 	 14.0 	 66.003206 
26.0 	 16.0 	 201.27193200000002 
26.0 	 18.0 	 10.867581999999999 
26.0 	 20.0 	 6.665548 
26.0 	 22.0 	 13.596825 
26.0 	 24.0 	 1.1158869999999999 
26.0 	 26.0 	 11160.174790000001 
26.0 	 28.0 	 36582.585 
26.0 	 30.0 	 74227.06449 
26.0 	 32.0 	 64103.08389999999 
26.0 	 34.0 	 1067.5484769999998 
26.0 	 36.0 	 70.8170035 
26.0 	 38.0 	 37.279653429999996 
26.0 	 40.0 	 518.08638822 
26.0 	 42.0 	 13357.20497948 
26.0 	 44.0 	 2653.4405433000006 
26.0 	 46.0 	 32.38608365 
26.0 	 48.0 	 2531.953317546 
26.0 	 50.0 	 205.55105210000002 
26.0 	 52.0 	 7892.074064 
26.0 	 54.0 	 11782.13534 
26.0 	 56.0 	 8185.684127 
26.0 	 58.0 	 1985.5715699999998 
26.0 	 60.0 	 519.1480300000001 
26.0 	 62.0 	 1362.336655 
26.0 	 64.0 	 1175.14986 
26.0 	 66.0 	 71628.32764999999 
26.0 	 68.0 	 76630.327192 
26.0 	 70.0 	 47435.631756999996 
26.0 	 72.0 	 104738.28651 
26.0 	 74.0 	 184806.81050000002 
26.0 	 76.0 	 202706.62420000002 
26.0 	 78.0 	 254106.27719999998 
26.0 	 80.0 	 260962.55542499997 
26.0 	 82.0 	 285942.28129300004 
26.0 	 84.0 	 157437.013722 
26.0 	 86.0 	 74965.2274759 
26.0 	 88.0 	 160037.359258 
26.0 	 90.0 	 278173.04363 
26.0 	 92.0 	 352301.34732 
26.0 	 94.0 	 347593.99916999997 
26.0 	 96.0 	 18278.717359 
26.0 	 98.0 	 13376.578405 
26.0 	 100.0 	 42649.827863 
26.0 	 102.0 	 98187.6985 
26.0 	 104.0 	 119934.8299 
26.0 	 106.0 	 133650.69819999998 
26.0 	 108.0 	 52829.70509999999 
26.0 	 110.0 	 69398.83455999999 
26.0 	 112.0 	 67380.36491 
26.0 	 114.0 	 70552.15585 
26.0 	 116.0 	 33828.608261 
26.0 	 118.0 	 32024.718187500002 
26.0 	 120.0 	 14792.9388166 
26.0 	 126.0 	 4604.8564 
26.0 	 128.0 	 2982.3641000000002 
28.0 	 -116.0 	 216.7996293 
28.0 	 -114.0 	 3018.579312 
28.0 	 -112.0 	 16886.476297999998 
28.0 	 -110.0 	 16588.000776 
28.0 	 -108.0 	 50317.357868999985 
28.0 	 -106.0 	 20687.172633000002 
28.0 	 -104.0 	 18044.34723 
28.0 	 -102.0 	 20789.025621740002 
28.0 	 -100.0 	 15140.389299999999 
28.0 	 -98.0 	 12559.87392 
28.0 	 -96.0 	 3526.439913 
28.0 	 -94.0 	 1281.6585799000002 
28.0 	 -92.0 	 16402.4805114 
28.0 	 -90.0 	 1106.80931 
28.0 	 -86.0 	 1578.45606 
28.0 	 -84.0 	 6441.4933039 
28.0 	 -82.0 	 17056.612810240003 
28.0 	 -18.0 	 32.827842000000004 
28.0 	 -16.0 	 7.375540000000001 
28.0 	 -12.0 	 824.6330199999999 
28.0 	 -10.0 	 2068.198351 
28.0 	 -8.0 	 897.1134530000002 
28.0 	 -6.0 	 546.1002970000001 
28.0 	 -4.0 	 643.28583 
28.0 	 -2.0 	 147.84579000000002 
28.0 	 0.0 	 1621.7687219999998 
28.0 	 2.0 	 2643.4711810000003 
28.0 	 4.0 	 761.878236 
28.0 	 6.0 	 306.07579000000004 
28.0 	 8.0 	 877.426362 
28.0 	 10.0 	 1085.4032590000002 
28.0 	 12.0 	 1188.3195047999998 
28.0 	 14.0 	 463.86506999999995 
28.0 	 16.0 	 351.67720399999996 
28.0 	 18.0 	 32.594626 
28.0 	 20.0 	 0.861237 
28.0 	 24.0 	 24487.027809 
28.0 	 26.0 	 1742.3899000000001 
28.0 	 28.0 	 1254.4715999999999 
28.0 	 30.0 	 574199.3415 
28.0 	 32.0 	 34538.1072 
28.0 	 34.0 	 23058.7679425 
28.0 	 36.0 	 36606.701912 
28.0 	 38.0 	 13997.807954079999 
28.0 	 40.0 	 428.00666171999995 
28.0 	 42.0 	 1943.0599732399996 
28.0 	 44.0 	 1549.0178636 
28.0 	 46.0 	 1271.69501378 
28.0 	 48.0 	 918.63255134 
28.0 	 50.0 	 11848.636676 
28.0 	 52.0 	 72062.87035 
28.0 	 54.0 	 15544.65871 
28.0 	 56.0 	 9764.388630000001 
28.0 	 58.0 	 1780.37116 
28.0 	 60.0 	 1368.73812 
28.0 	 62.0 	 31.193080000000002 
28.0 	 64.0 	 1660.94054 
28.0 	 66.0 	 31846.6354 
28.0 	 68.0 	 84387.86821 
28.0 	 70.0 	 211797.29835999996 
28.0 	 72.0 	 116073.88657 
28.0 	 74.0 	 209432.5709 
28.0 	 76.0 	 314283.5042 
28.0 	 78.0 	 338460.87617 
28.0 	 80.0 	 89280.5167691 
28.0 	 82.0 	 9735.462007 
28.0 	 84.0 	 17341.929599199997 
28.0 	 86.0 	 35059.8672281 
28.0 	 88.0 	 58305.06600969999 
28.0 	 90.0 	 59855.538961 
28.0 	 92.0 	 59053.01632 
28.0 	 94.0 	 84395.17296699999 
28.0 	 96.0 	 24631.356597500002 
28.0 	 98.0 	 32468.36017 
28.0 	 100.0 	 39876.526809 
28.0 	 102.0 	 64699.296713 
28.0 	 104.0 	 70188.78637 
28.0 	 106.0 	 135991.471518 
28.0 	 108.0 	 114581.00370000002 
28.0 	 110.0 	 45410.494569999995 
28.0 	 112.0 	 63652.551414999994 
28.0 	 114.0 	 63688.976666999995 
28.0 	 116.0 	 57534.038076 
28.0 	 118.0 	 65381.229087 
28.0 	 120.0 	 55755.84784 
28.0 	 122.0 	 954.4214999999999 
28.0 	 128.0 	 2422.4459999999995 
30.0 	 -118.0 	 753.5779000000001 
30.0 	 -116.0 	 2065.6346001999996 
30.0 	 -114.0 	 7438.338742999999 
30.0 	 -112.0 	 19231.67919 
30.0 	 -110.0 	 18911.311442 
30.0 	 -108.0 	 22737.027309999998 
30.0 	 -106.0 	 19392.18132 
30.0 	 -104.0 	 16804.33183 
30.0 	 -102.0 	 19575.347650000003 
30.0 	 -100.0 	 16870.28342 
30.0 	 -98.0 	 12432.872989999998 
30.0 	 -96.0 	 81582.38915 
30.0 	 -94.0 	 33848.358846 
30.0 	 -92.0 	 8067.187459659999 
30.0 	 -90.0 	 31723.16741576 
30.0 	 -88.0 	 29079.447500000002 
30.0 	 -86.0 	 55781.337691099994 
30.0 	 -84.0 	 24174.10882665 
30.0 	 -82.0 	 4232.9762073 
30.0 	 -10.0 	 3971.277878000001 
30.0 	 -8.0 	 3700.17645 
30.0 	 -6.0 	 2256.566824 
30.0 	 -4.0 	 1247.5010720000002 
30.0 	 -2.0 	 385.94919999999996 
30.0 	 0.0 	 28.06965 
30.0 	 2.0 	 533.586047 
30.0 	 4.0 	 33.2304 
30.0 	 6.0 	 3.0089 
30.0 	 8.0 	 1.3260054000000001 
30.0 	 10.0 	 539.7351487999999 
30.0 	 12.0 	 730.4368314999999 
30.0 	 14.0 	 477.13909509999996 
30.0 	 16.0 	 63.187385 
30.0 	 18.0 	 1.824335 
30.0 	 20.0 	 10.228991 
30.0 	 22.0 	 380.895131 
30.0 	 24.0 	 19819.886648 
30.0 	 26.0 	 519.836 
30.0 	 28.0 	 12180.8564 
30.0 	 30.0 	 293724.5694 
30.0 	 32.0 	 1531534.898 
30.0 	 34.0 	 19742.8739457 
30.0 	 36.0 	 7021.150558830001 
30.0 	 38.0 	 8100.105441639998 
30.0 	 40.0 	 7280.9918901599995 
30.0 	 42.0 	 1546.1817876999999 
30.0 	 44.0 	 19549.497429 
30.0 	 46.0 	 36781.685689000005 
30.0 	 48.0 	 16138.865486 
30.0 	 50.0 	 20486.1522 
30.0 	 52.0 	 14593.15864 
30.0 	 54.0 	 7207.310240000001 
30.0 	 56.0 	 11095.956236 
30.0 	 58.0 	 1009.09728 
30.0 	 60.0 	 1815.580494 
30.0 	 62.0 	 224.21297149999998 
30.0 	 64.0 	 2078.3626114 
30.0 	 66.0 	 23116.664789 
30.0 	 68.0 	 50152.14019599999 
30.0 	 70.0 	 270459.76149999996 
30.0 	 72.0 	 315546.45099999994 
30.0 	 74.0 	 380567.63800000004 
30.0 	 76.0 	 317088.0187 
30.0 	 78.0 	 188649.62814544 
30.0 	 80.0 	 20664.6383462 
30.0 	 82.0 	 17356.096658 
30.0 	 84.0 	 15933.319860000001 
30.0 	 86.0 	 9553.2318887 
30.0 	 88.0 	 29807.938943 
30.0 	 90.0 	 53281.89368402 
30.0 	 92.0 	 49235.147451 
30.0 	 94.0 	 35649.2266369 
30.0 	 96.0 	 53577.06346 
30.0 	 98.0 	 59255.621900000006 
30.0 	 100.0 	 54791.071599999996 
30.0 	 102.0 	 31322.802352 
30.0 	 104.0 	 63749.995290000006 
30.0 	 106.0 	 69653.69519999999 
30.0 	 108.0 	 76841.60134700002 
30.0 	 110.0 	 26233.73828 
30.0 	 112.0 	 32729.959019999995 
30.0 	 114.0 	 29791.106860000004 
30.0 	 116.0 	 27714.997182 
30.0 	 118.0 	 30626.978182199997 
30.0 	 120.0 	 33658.650941069995 
30.0 	 122.0 	 1816.9902299999999 
30.0 	 130.0 	 6323.992189999999 
32.0 	 -122.0 	 47.8214 
32.0 	 -120.0 	 0.1854777 
32.0 	 -118.0 	 3915.6936368 
32.0 	 -116.0 	 7942.7557472 
32.0 	 -114.0 	 8592.8937783 
32.0 	 -112.0 	 12219.69329 
32.0 	 -110.0 	 11959.137063999999 
32.0 	 -108.0 	 14883.731166999998 
32.0 	 -106.0 	 18654.188609999997 
32.0 	 -104.0 	 13989.923329999998 
32.0 	 -102.0 	 12959.214590000001 
32.0 	 -100.0 	 15552.083675999998 
32.0 	 -98.0 	 14725.541095 
32.0 	 -96.0 	 168707.37973 
32.0 	 -94.0 	 19634.29706998 
32.0 	 -92.0 	 14013.861257999999 
32.0 	 -90.0 	 47567.40586875001 
32.0 	 -88.0 	 39331.2694695 
32.0 	 -86.0 	 48276.3937434 
32.0 	 -84.0 	 24838.136059999997 
32.0 	 -82.0 	 33656.7272258 
32.0 	 -80.0 	 15116.948262999998 
32.0 	 -78.0 	 57.670300000000005 
32.0 	 -18.0 	 1.84857 
32.0 	 -10.0 	 1790.934779 
32.0 	 -8.0 	 4310.8273199000005 
32.0 	 -6.0 	 108089.511554 
32.0 	 -4.0 	 186242.20252399996 
32.0 	 -2.0 	 3117.497699 
32.0 	 0.0 	 1586.088629 
32.0 	 2.0 	 1752.013335 
32.0 	 4.0 	 480.64991 
32.0 	 6.0 	 20.789747 
32.0 	 8.0 	 17.662163000000003 
32.0 	 10.0 	 38.501863799999995 
32.0 	 12.0 	 176.05365799999998 
32.0 	 14.0 	 81.437939 
32.0 	 20.0 	 249.12390999999997 
32.0 	 22.0 	 32.6602 
32.0 	 34.0 	 18711.1865998 
32.0 	 36.0 	 9565.676959699998 
32.0 	 38.0 	 11070.7037003 
32.0 	 40.0 	 21919.585454 
32.0 	 42.0 	 11371.800703 
32.0 	 44.0 	 62382.181039 
32.0 	 46.0 	 19388.412708000003 
32.0 	 48.0 	 20666.05921 
32.0 	 50.0 	 17248.65176 
32.0 	 52.0 	 12845.037 
32.0 	 54.0 	 8603.848930000002 
32.0 	 56.0 	 11227.39628 
32.0 	 58.0 	 6688.66849 
32.0 	 60.0 	 4072.7172148 
32.0 	 62.0 	 5017.6651338 
32.0 	 64.0 	 5908.706604 
32.0 	 66.0 	 6146.500112 
32.0 	 68.0 	 35666.2245399 
32.0 	 70.0 	 461899.36301 
32.0 	 72.0 	 415547.38639999996 
32.0 	 74.0 	 151876.23785 
32.0 	 76.0 	 58720.89416779 
32.0 	 78.0 	 5299.572189319999 
32.0 	 80.0 	 5850.11124 
32.0 	 82.0 	 8557.079162 
32.0 	 84.0 	 9470.001712000001 
32.0 	 86.0 	 1455.4280939999999 
32.0 	 88.0 	 5224.24093387 
32.0 	 90.0 	 38241.73861894 
32.0 	 92.0 	 33052.263869999995 
32.0 	 94.0 	 30345.737739999997 
32.0 	 96.0 	 63883.1593 
32.0 	 98.0 	 67133.9623 
32.0 	 100.0 	 65795.7867 
32.0 	 102.0 	 57272.969580000004 
32.0 	 104.0 	 66041.20743000001 
32.0 	 106.0 	 41952.518651700004 
32.0 	 108.0 	 36563.000068299996 
32.0 	 110.0 	 69988.03259 
32.0 	 112.0 	 64495.74759 
32.0 	 114.0 	 52839.51817 
32.0 	 116.0 	 51161.2187 
32.0 	 118.0 	 41161.7093 
32.0 	 120.0 	 18181.929699999997 
32.0 	 126.0 	 3062.438449999999 
32.0 	 128.0 	 12496.75619 
32.0 	 130.0 	 39705.504447800005 
32.0 	 132.0 	 11463.088226000002 
32.0 	 134.0 	 5662.974397 
32.0 	 136.0 	 531.83124 
32.0 	 138.0 	 60.135 
34.0 	 -122.0 	 3782.00895 
34.0 	 -120.0 	 7745.966956408 
34.0 	 -118.0 	 5211.159561 
34.0 	 -116.0 	 14355.332923000002 
34.0 	 -114.0 	 13071.959327999997 
34.0 	 -112.0 	 9582.052072999999 
34.0 	 -110.0 	 13091.726228 
34.0 	 -108.0 	 13292.202996 
34.0 	 -106.0 	 17671.707234999998 
34.0 	 -104.0 	 15595.057 
34.0 	 -102.0 	 15747.99742 
34.0 	 -100.0 	 14431.807900000002 
34.0 	 -98.0 	 11950.411703000002 
34.0 	 -96.0 	 63876.25938419999 
34.0 	 -94.0 	 49180.259522072 
34.0 	 -92.0 	 77890.29174899998 
34.0 	 -90.0 	 81338.076915 
34.0 	 -88.0 	 81658.8208257 
34.0 	 -86.0 	 62467.46700411 
34.0 	 -84.0 	 29526.50123966 
34.0 	 -82.0 	 54262.3712299 
34.0 	 -80.0 	 67993.40163000001 
34.0 	 -78.0 	 32562.872876 
34.0 	 -76.0 	 347.12914000000006 
34.0 	 -8.0 	 919.98015 
34.0 	 -6.0 	 3642.5874114000003 
34.0 	 -4.0 	 576135.475211 
34.0 	 -2.0 	 69223.21135699998 
34.0 	 0.0 	 2713.63271 
34.0 	 2.0 	 1100.675343 
34.0 	 4.0 	 807.471299 
34.0 	 6.0 	 1233.4661640000002 
34.0 	 8.0 	 224.10491871000002 
34.0 	 10.0 	 13133.803353980002 
34.0 	 22.0 	 4893.3328 
34.0 	 24.0 	 24065.617700000003 
34.0 	 26.0 	 4029.4775 
34.0 	 32.0 	 11167.247186 
34.0 	 34.0 	 3305.7972359999994 
34.0 	 36.0 	 17885.861653300002 
34.0 	 38.0 	 2126.2062875999995 
34.0 	 40.0 	 20222.330840000002 
34.0 	 42.0 	 21284.199842 
34.0 	 44.0 	 24564.082614 
34.0 	 46.0 	 19648.46118 
34.0 	 48.0 	 21300.32805 
34.0 	 50.0 	 16390.656560000003 
34.0 	 52.0 	 19222.1295 
34.0 	 54.0 	 41753.95783 
34.0 	 56.0 	 35896.533509999994 
34.0 	 58.0 	 17589.17625 
34.0 	 60.0 	 14457.173089099999 
34.0 	 62.0 	 8555.08937 
34.0 	 64.0 	 5044.36164 
34.0 	 66.0 	 5551.07011 
34.0 	 68.0 	 6318.77673 
34.0 	 70.0 	 92217.941654 
34.0 	 72.0 	 83776.595416 
34.0 	 74.0 	 39298.0046276 
34.0 	 76.0 	 2782.30362416 
34.0 	 78.0 	 5370.49242025 
34.0 	 80.0 	 5897.29277 
34.0 	 82.0 	 4656.64843597 
34.0 	 84.0 	 3415.71746217 
34.0 	 86.0 	 1869.98917947 
34.0 	 88.0 	 1147.1642038700002 
34.0 	 90.0 	 2242.49143748 
34.0 	 92.0 	 4995.41717034 
34.0 	 94.0 	 11562.919493979998 
34.0 	 96.0 	 17965.307160699995 
34.0 	 98.0 	 44090.8723961 
34.0 	 100.0 	 65855.25420000001 
34.0 	 102.0 	 63339.7264 
34.0 	 104.0 	 64358.56977 
34.0 	 106.0 	 43088.031237 
34.0 	 108.0 	 49117.5369 
34.0 	 110.0 	 44235.9108 
34.0 	 112.0 	 52389.244922 
34.0 	 114.0 	 50739.586899999995 
34.0 	 116.0 	 44952.26500000001 
34.0 	 118.0 	 35535.79677 
34.0 	 120.0 	 1062.0338 
34.0 	 126.0 	 33665.02614 
34.0 	 128.0 	 19046.36486 
34.0 	 130.0 	 10100.5723972 
34.0 	 132.0 	 52567.9086614 
34.0 	 134.0 	 59604.122025000004 
34.0 	 136.0 	 49921.33833669999 
34.0 	 138.0 	 5890.0357912 
34.0 	 140.0 	 5871.27236 
36.0 	 -124.0 	 198.49751759999998 
36.0 	 -122.0 	 9285.4281197 
36.0 	 -120.0 	 9739.485817417999 
36.0 	 -118.0 	 10191.681451999999 
36.0 	 -116.0 	 14853.135151618002 
36.0 	 -114.0 	 13545.775447 
36.0 	 -112.0 	 9671.364585 
36.0 	 -110.0 	 16733.247107 
36.0 	 -108.0 	 16084.473679748 
36.0 	 -106.0 	 24134.03698289 
36.0 	 -104.0 	 14732.880849999998 
36.0 	 -102.0 	 14042.959040000002 
36.0 	 -100.0 	 15881.422999999999 
36.0 	 -98.0 	 15557.782944000002 
36.0 	 -96.0 	 64300.783195 
36.0 	 -94.0 	 118670.878328 
36.0 	 -92.0 	 74056.72857514801 
36.0 	 -90.0 	 27787.981412 
36.0 	 -88.0 	 136022.248294 
36.0 	 -86.0 	 101397.22503359999 
36.0 	 -84.0 	 42839.734468300005 
36.0 	 -82.0 	 44355.4300426 
36.0 	 -80.0 	 72038.3960265 
36.0 	 -78.0 	 40717.734498 
36.0 	 -76.0 	 8859.573980000001 
36.0 	 -26.0 	 7.343546 
36.0 	 -10.0 	 740.7156353000001 
36.0 	 -8.0 	 5315.322997000001 
36.0 	 -6.0 	 14660.635319 
36.0 	 -4.0 	 8860.366186 
36.0 	 -2.0 	 2495.34722 
36.0 	 0.0 	 492.01738299999994 
36.0 	 2.0 	 657.2067440000001 
36.0 	 4.0 	 6538.142306 
36.0 	 6.0 	 19672.591241000006 
36.0 	 8.0 	 157.7763411 
36.0 	 10.0 	 21.8622849 
36.0 	 12.0 	 1554.1604399999999 
36.0 	 14.0 	 2200.307707 
36.0 	 16.0 	 100.658 
36.0 	 20.0 	 7631.611247 
36.0 	 22.0 	 34144.821413000005 
36.0 	 24.0 	 7908.47185 
36.0 	 26.0 	 8068.80475 
36.0 	 28.0 	 9847.112442 
36.0 	 30.0 	 10115.520363000001 
36.0 	 32.0 	 382263.60954000003 
36.0 	 34.0 	 21192.860607 
36.0 	 36.0 	 25401.632859999998 
36.0 	 38.0 	 24623.819663000002 
36.0 	 40.0 	 33456.039892999994 
36.0 	 42.0 	 40095.50945 
36.0 	 44.0 	 114184.76911 
36.0 	 46.0 	 22274.508187 
36.0 	 48.0 	 14656.89423 
36.0 	 50.0 	 8301.862565000001 
36.0 	 52.0 	 5489.5414660000015 
36.0 	 54.0 	 33204.348770000004 
36.0 	 56.0 	 15325.335720000001 
36.0 	 58.0 	 21409.91095 
36.0 	 60.0 	 64763.889639999994 
36.0 	 62.0 	 45662.97685 
36.0 	 64.0 	 9343.4019978 
36.0 	 66.0 	 29078.137760799997 
36.0 	 68.0 	 4183.180437694 
36.0 	 70.0 	 5564.690508899999 
36.0 	 72.0 	 7925.2026371 
36.0 	 74.0 	 5959.64655655 
36.0 	 76.0 	 18386.4562047 
36.0 	 78.0 	 13202.1266861 
36.0 	 80.0 	 18279.741780199998 
36.0 	 82.0 	 2813.7184862 
36.0 	 84.0 	 2347.3946547 
36.0 	 86.0 	 1869.6757826799999 
36.0 	 88.0 	 778.7664664399999 
36.0 	 90.0 	 197.41284227 
36.0 	 92.0 	 289.37126818 
36.0 	 94.0 	 360.92361559999995 
36.0 	 96.0 	 7360.518778899999 
36.0 	 98.0 	 46412.271692 
36.0 	 100.0 	 60739.56188000001 
36.0 	 102.0 	 52097.91296 
36.0 	 104.0 	 57328.42987 
36.0 	 106.0 	 52603.10141 
36.0 	 108.0 	 41465.9081 
36.0 	 110.0 	 34521.953810000006 
36.0 	 112.0 	 39426.77485 
36.0 	 114.0 	 56566.484300000004 
36.0 	 116.0 	 45952.209299999995 
36.0 	 118.0 	 34404.271161000004 
36.0 	 120.0 	 23240.484852000005 
36.0 	 122.0 	 2147.750818 
36.0 	 124.0 	 8852.11733858 
36.0 	 126.0 	 41234.830153999996 
36.0 	 128.0 	 15168.278542400003 
36.0 	 130.0 	 79.6032 
36.0 	 132.0 	 979.9750600000001 
36.0 	 136.0 	 29063.277379299998 
36.0 	 138.0 	 19704.2295165 
36.0 	 140.0 	 6172.988079000001 
38.0 	 -124.0 	 8773.977515350001 
38.0 	 -122.0 	 8903.27100077 
38.0 	 -120.0 	 11312.958257 
38.0 	 -118.0 	 16763.55908 
38.0 	 -116.0 	 15802.73457 
38.0 	 -114.0 	 10885.066314 
38.0 	 -112.0 	 12156.512455 
38.0 	 -110.0 	 20776.837059999998 
38.0 	 -108.0 	 11830.689062 
38.0 	 -106.0 	 33410.13854 
38.0 	 -104.0 	 12864.7426 
38.0 	 -102.0 	 11763.310700000002 
38.0 	 -100.0 	 13825.021900000002 
38.0 	 -98.0 	 14540.251499999998 
38.0 	 -96.0 	 10536.156529 
38.0 	 -94.0 	 16199.77522 
38.0 	 -92.0 	 13240.779003999998 
38.0 	 -90.0 	 16751.424400000004 
38.0 	 -88.0 	 28352.138526000002 
38.0 	 -86.0 	 12407.56239 
38.0 	 -84.0 	 21996.179275100003 
38.0 	 -82.0 	 26854.134126999998 
38.0 	 -80.0 	 54034.296327100004 
38.0 	 -78.0 	 76657.256944 
38.0 	 -76.0 	 68818.63837 
38.0 	 -30.0 	 9.939642 
38.0 	 -28.0 	 2.326237 
38.0 	 -10.0 	 3625.703732 
38.0 	 -8.0 	 14846.874462 
38.0 	 -6.0 	 18771.080638 
38.0 	 -4.0 	 17338.182825 
38.0 	 -2.0 	 8308.515298 
38.0 	 0.0 	 64.50272000000001 
38.0 	 2.0 	 606.03278 
38.0 	 4.0 	 46.77110999999999 
38.0 	 8.0 	 8151.684529999999 
38.0 	 12.0 	 53.78163 
38.0 	 14.0 	 1175.904629 
38.0 	 16.0 	 7959.336040000001 
38.0 	 18.0 	 408.77406 
38.0 	 20.0 	 60870.585230000004 
38.0 	 22.0 	 98546.902033 
38.0 	 24.0 	 9966.603510000003 
38.0 	 26.0 	 14662.992730740003 
38.0 	 28.0 	 21413.259159999998 
38.0 	 30.0 	 38564.06484000001 
38.0 	 32.0 	 46141.753699999994 
38.0 	 34.0 	 43759.6762 
38.0 	 36.0 	 40980.427610000006 
38.0 	 38.0 	 28610.10521 
38.0 	 40.0 	 35620.80461 
38.0 	 42.0 	 36896.59281 
38.0 	 44.0 	 38180.398056 
38.0 	 46.0 	 12403.6589075 
38.0 	 48.0 	 3185.0659961000006 
38.0 	 52.0 	 332.12829999999997 
38.0 	 54.0 	 4707.905910000001 
38.0 	 56.0 	 9414.70649 
38.0 	 58.0 	 8905.730986 
38.0 	 60.0 	 11980.44987 
38.0 	 62.0 	 31550.625440999996 
38.0 	 64.0 	 32204.667534000004 
38.0 	 66.0 	 49248.59321999999 
38.0 	 68.0 	 5443.827089999999 
38.0 	 70.0 	 767.8971058579399 
38.0 	 72.0 	 629.90359527 
38.0 	 74.0 	 12439.268376000002 
38.0 	 76.0 	 29506.647109999998 
38.0 	 78.0 	 7191.914355699999 
38.0 	 80.0 	 2202.8947089999997 
38.0 	 82.0 	 103.46000000000001 
38.0 	 84.0 	 2435.800401 
38.0 	 86.0 	 1357.7162124000001 
38.0 	 88.0 	 212.7238896 
38.0 	 90.0 	 14.7483936 
38.0 	 92.0 	 1190.8323266999998 
38.0 	 94.0 	 1080.73142741 
38.0 	 96.0 	 19629.0731994 
38.0 	 98.0 	 45072.127432199995 
38.0 	 100.0 	 26715.2471779 
38.0 	 102.0 	 17003.851661 
38.0 	 104.0 	 6358.783000299999 
38.0 	 106.0 	 38574.3401089 
38.0 	 108.0 	 47131.395502 
38.0 	 110.0 	 37720.05004 
38.0 	 112.0 	 39870.1275 
38.0 	 114.0 	 49062.00391000001 
38.0 	 116.0 	 41063.9691468 
38.0 	 118.0 	 14662.499454 
38.0 	 120.0 	 3339.3368143 
38.0 	 122.0 	 4911.501219999999 
38.0 	 124.0 	 28190.01883 
38.0 	 126.0 	 23965.395609000003 
38.0 	 128.0 	 3115.795803 
38.0 	 138.0 	 2518.6511849999997 
38.0 	 140.0 	 17015.939803999998 
38.0 	 142.0 	 11.21481 
40.0 	 -126.0 	 3803.8953112000004 
40.0 	 -124.0 	 12138.337219118 
40.0 	 -122.0 	 8854.544835600002 
40.0 	 -120.0 	 14445.69306 
40.0 	 -118.0 	 16544.2613 
40.0 	 -116.0 	 16799.090210000002 
40.0 	 -114.0 	 9143.291381359999 
40.0 	 -112.0 	 10540.4115517 
40.0 	 -110.0 	 18157.598388000002 
40.0 	 -108.0 	 16693.193399418 
40.0 	 -106.0 	 21854.433371000003 
40.0 	 -104.0 	 14941.3325 
40.0 	 -102.0 	 17014.0801 
40.0 	 -100.0 	 17131.016900000002 
40.0 	 -98.0 	 17937.234714 
40.0 	 -96.0 	 15252.213 
40.0 	 -94.0 	 11302.5143 
40.0 	 -92.0 	 15252.5825 
40.0 	 -90.0 	 18175.83455001 
40.0 	 -88.0 	 13611.6171652 
40.0 	 -86.0 	 15361.096399999999 
40.0 	 -84.0 	 11781.96889 
40.0 	 -82.0 	 26015.373501575996 
40.0 	 -80.0 	 66203.53493 
40.0 	 -78.0 	 60807.31265500001 
40.0 	 -76.0 	 37184.773574 
40.0 	 -74.0 	 16766.83867222 
40.0 	 -72.0 	 8685.862805399998 
40.0 	 -70.0 	 225.9524 
40.0 	 -10.0 	 1781.9112006 
40.0 	 -8.0 	 12319.011679 
40.0 	 -6.0 	 33776.286400000005 
40.0 	 -4.0 	 22879.539649000002 
40.0 	 -2.0 	 19520.37086 
40.0 	 0.0 	 9547.736731 
40.0 	 2.0 	 701.13001 
40.0 	 4.0 	 0.971851 
40.0 	 8.0 	 16123.094928999999 
40.0 	 12.0 	 8160.58674 
40.0 	 14.0 	 39161.50629979999 
40.0 	 16.0 	 7545.150686600001 
40.0 	 18.0 	 6468.411319999999 
40.0 	 20.0 	 49906.0052326 
40.0 	 22.0 	 37351.358106 
40.0 	 24.0 	 44871.13627829999 
40.0 	 26.0 	 19302.664205 
40.0 	 28.0 	 6670.527817000001 
40.0 	 30.0 	 280563.02041 
40.0 	 32.0 	 447037.22318 
40.0 	 34.0 	 63138.17560010001 
40.0 	 36.0 	 538378.957426 
40.0 	 38.0 	 551904.936 
40.0 	 40.0 	 235956.89164609998 
40.0 	 42.0 	 34360.563752099995 
40.0 	 44.0 	 779.9764663 
40.0 	 46.0 	 4176.5092844 
40.0 	 48.0 	 830.45360343 
40.0 	 50.0 	 7.7084980000000005 
40.0 	 52.0 	 2298.197274 
40.0 	 54.0 	 2999.344975 
40.0 	 56.0 	 6182.228342 
40.0 	 58.0 	 29533.249920000006 
40.0 	 60.0 	 87631.78583600002 
40.0 	 62.0 	 4495.842918 
40.0 	 64.0 	 28328.316207999997 
40.0 	 66.0 	 67038.370343 
40.0 	 68.0 	 3287.7522699100005 
40.0 	 70.0 	 93398.1690199 
40.0 	 72.0 	 23251.6785979 
40.0 	 74.0 	 3640.01503564 
40.0 	 76.0 	 11881.168677000001 
40.0 	 78.0 	 17299.6860075 
40.0 	 80.0 	 20067.226709 
40.0 	 82.0 	 16162.449563999999 
40.0 	 84.0 	 11772.684731999998 
40.0 	 86.0 	 5472.9560028000005 
40.0 	 88.0 	 284.4766264 
40.0 	 92.0 	 145.07305 
40.0 	 94.0 	 495.17463279999987 
40.0 	 96.0 	 1590.33168827 
40.0 	 98.0 	 1111.9353833 
40.0 	 100.0 	 112.16413356000001 
40.0 	 102.0 	 102.78932735 
40.0 	 104.0 	 809.9588033000002 
40.0 	 106.0 	 23416.8631474 
40.0 	 108.0 	 52683.038954 
40.0 	 110.0 	 53442.36516 
40.0 	 112.0 	 46509.0497 
40.0 	 114.0 	 53213.910899999995 
40.0 	 116.0 	 53763.69123 
40.0 	 118.0 	 56132.60386999999 
40.0 	 120.0 	 35285.42255 
40.0 	 122.0 	 34609.018040999996 
40.0 	 124.0 	 17427.885079 
40.0 	 126.0 	 7356.5304691 
40.0 	 128.0 	 9600.276506999999 
40.0 	 138.0 	 67.39079 
40.0 	 140.0 	 2896.054063 
42.0 	 -126.0 	 4569.761990999999 
42.0 	 -124.0 	 25889.896471089996 
42.0 	 -122.0 	 7692.8187731 
42.0 	 -120.0 	 17836.291338469997 
42.0 	 -118.0 	 17798.149780000003 
42.0 	 -116.0 	 15704.510915 
42.0 	 -114.0 	 15060.07146 
42.0 	 -112.0 	 11977.307584060001 
42.0 	 -110.0 	 16180.010446 
42.0 	 -108.0 	 21544.45278 
42.0 	 -106.0 	 20860.72336 
42.0 	 -104.0 	 18961.529049 
42.0 	 -102.0 	 17526.3106 
42.0 	 -100.0 	 14622.9364 
42.0 	 -98.0 	 17076.734 
42.0 	 -96.0 	 19682.338200000002 
42.0 	 -94.0 	 18385.3712 
42.0 	 -92.0 	 10654.489279 
42.0 	 -90.0 	 9728.220771999999 
42.0 	 -88.0 	 12490.084926 
42.0 	 -86.0 	 63345.564242 
42.0 	 -84.0 	 52837.6859408 
42.0 	 -82.0 	 36566.47955 
42.0 	 -80.0 	 20527.991292 
42.0 	 -78.0 	 30156.027443 
42.0 	 -76.0 	 42175.289366 
42.0 	 -74.0 	 19702.317494900002 
42.0 	 -72.0 	 9667.7305568 
42.0 	 -70.0 	 1378.9872 
42.0 	 -68.0 	 36.60807 
42.0 	 -66.0 	 68.71084850000001 
42.0 	 -10.0 	 4508.5678846 
42.0 	 -8.0 	 13255.245210000001 
42.0 	 -6.0 	 23417.37683 
42.0 	 -4.0 	 17962.993244 
42.0 	 -2.0 	 25716.49355 
42.0 	 0.0 	 25103.59296 
42.0 	 2.0 	 38767.939062 
42.0 	 4.0 	 6008.863259 
42.0 	 6.0 	 8233.50427 
42.0 	 8.0 	 15033.818593999998 
42.0 	 10.0 	 40922.19485 
42.0 	 12.0 	 26768.34617 
42.0 	 14.0 	 4583.390699999999 
42.0 	 16.0 	 5765.364787 
42.0 	 18.0 	 12213.7451637712 
42.0 	 20.0 	 24636.871227000003 
42.0 	 22.0 	 14342.997755999997 
42.0 	 24.0 	 13041.895939999999 
42.0 	 26.0 	 10148.791997 
42.0 	 28.0 	 1611.3886000000005 
42.0 	 38.0 	 198.85737390000003 
42.0 	 40.0 	 8129.2637223 
42.0 	 42.0 	 11907.489919200001 
42.0 	 44.0 	 8818.3101468 
42.0 	 46.0 	 12519.0539235 
42.0 	 48.0 	 11.01848 
42.0 	 50.0 	 24.4478658 
42.0 	 52.0 	 423.5816597 
42.0 	 54.0 	 203.03002500000002 
42.0 	 56.0 	 1321.95133 
42.0 	 58.0 	 49000.261716 
42.0 	 60.0 	 16304.684642099997 
42.0 	 62.0 	 3466.4366972 
42.0 	 64.0 	 4995.848975299999 
42.0 	 66.0 	 282.893745 
42.0 	 68.0 	 162.3274882 
42.0 	 70.0 	 430.89408814999996 
42.0 	 72.0 	 73.40091989999999 
42.0 	 74.0 	 66.8318768 
42.0 	 76.0 	 50.534225498999994 
42.0 	 78.0 	 86.2154514 
42.0 	 80.0 	 38644.93705370001 
42.0 	 82.0 	 48543.670428599995 
42.0 	 84.0 	 36176.1021719 
42.0 	 86.0 	 37273.372217000004 
42.0 	 88.0 	 25832.4733558 
42.0 	 90.0 	 13556.576989000001 
42.0 	 92.0 	 14321.5878184 
42.0 	 94.0 	 7299.431463969999 
42.0 	 96.0 	 538.3156318700001 
42.0 	 98.0 	 522.561 
42.0 	 100.0 	 40.477523000000005 
42.0 	 106.0 	 1667.4641730999997 
42.0 	 108.0 	 10188.6081883 
42.0 	 110.0 	 28262.833829 
42.0 	 112.0 	 52654.2366646 
42.0 	 114.0 	 64533.182467470004 
42.0 	 116.0 	 62103.72251 
42.0 	 118.0 	 59255.1776 
42.0 	 120.0 	 57735.5814 
42.0 	 122.0 	 54008.456 
42.0 	 124.0 	 45257.02724999999 
42.0 	 126.0 	 12073.2882666 
42.0 	 128.0 	 8441.982180500001 
42.0 	 130.0 	 2310.3034318 
42.0 	 132.0 	 46.0542175 
42.0 	 134.0 	 5.1736828 
42.0 	 138.0 	 146.43954000000005 
42.0 	 140.0 	 4616.315221999999 
42.0 	 142.0 	 11282.703769 
42.0 	 144.0 	 3120.690482 
44.0 	 -126.0 	 405.42231 
44.0 	 -124.0 	 44273.211195428 
44.0 	 -122.0 	 9526.4050943 
44.0 	 -120.0 	 8231.9319912 
44.0 	 -118.0 	 8636.838811 
44.0 	 -116.0 	 2142.023373598 
44.0 	 -114.0 	 13955.856057200002 
44.0 	 -112.0 	 16538.37247225 
44.0 	 -110.0 	 15145.820927199999 
44.0 	 -108.0 	 23244.393860000004 
44.0 	 -106.0 	 23380.653327999997 
44.0 	 -104.0 	 21111.799032000003 
44.0 	 -102.0 	 16032.64456 
44.0 	 -100.0 	 13790.1329 
44.0 	 -98.0 	 15048.463499999998 
44.0 	 -96.0 	 16263.1821 
44.0 	 -94.0 	 10292.534131 
44.0 	 -92.0 	 7559.1994698 
44.0 	 -90.0 	 21259.641457700003 
44.0 	 -88.0 	 10441.284195999999 
44.0 	 -86.0 	 24763.15942 
44.0 	 -84.0 	 8560.627905000001 
44.0 	 -82.0 	 16482.518455 
44.0 	 -80.0 	 28780.7631774 
44.0 	 -78.0 	 15731.7704056 
44.0 	 -76.0 	 20126.459898999998 
44.0 	 -74.0 	 31642.570843 
44.0 	 -72.0 	 5595.753502809999 
44.0 	 -70.0 	 3834.2773008560007 
44.0 	 -68.0 	 1626.5436361460002 
44.0 	 -66.0 	 3165.45179134 
44.0 	 -64.0 	 1993.1773697999997 
44.0 	 -62.0 	 1617.5128559999998 
44.0 	 -60.0 	 43.8033 
44.0 	 -2.0 	 34417.34737999999 
44.0 	 0.0 	 77455.700836 
44.0 	 2.0 	 161652.17637 
44.0 	 4.0 	 72264.993289 
44.0 	 6.0 	 21930.069092100002 
44.0 	 8.0 	 36005.13387 
44.0 	 10.0 	 45725.26438549999 
44.0 	 12.0 	 17697.73373 
44.0 	 14.0 	 10680.779793 
44.0 	 16.0 	 11203.064635512 
44.0 	 18.0 	 21101.433448999996 
44.0 	 20.0 	 28492.429770000002 
44.0 	 22.0 	 25257.603312 
44.0 	 24.0 	 26781.993539 
44.0 	 26.0 	 22287.515772 
44.0 	 28.0 	 12285.017755 
44.0 	 30.0 	 177.11783 
44.0 	 32.0 	 4783.200349999999 
44.0 	 34.0 	 6648.583524999999 
44.0 	 36.0 	 1113.4225788 
44.0 	 38.0 	 1744.717017 
44.0 	 40.0 	 763.3970187 
44.0 	 42.0 	 781.597407 
44.0 	 44.0 	 4790.50277 
44.0 	 46.0 	 9715.931033 
44.0 	 48.0 	 431.02008 
44.0 	 50.0 	 59.504462 
44.0 	 52.0 	 120.8781046 
44.0 	 54.0 	 142.40140230999998 
44.0 	 56.0 	 2167.64660142 
44.0 	 58.0 	 536.011498 
44.0 	 60.0 	 284.89419574 
44.0 	 62.0 	 127.86535479999999 
44.0 	 64.0 	 115.1372125 
44.0 	 66.0 	 159.99383109000001 
44.0 	 68.0 	 196.98474199999998 
44.0 	 70.0 	 185.31017600000004 
44.0 	 72.0 	 162.761818 
44.0 	 74.0 	 152.56389624000002 
44.0 	 76.0 	 196.9533992 
44.0 	 78.0 	 151.5612075 
44.0 	 80.0 	 25595.623472100004 
44.0 	 82.0 	 39751.6975615 
44.0 	 84.0 	 24683.002788240003 
44.0 	 86.0 	 24562.017654 
44.0 	 88.0 	 17434.783612 
44.0 	 90.0 	 10742.258951000002 
44.0 	 92.0 	 2077.8823170000005 
44.0 	 94.0 	 0.3257296 
44.0 	 110.0 	 5307.7916 
44.0 	 112.0 	 27645.5562 
44.0 	 114.0 	 45784.933741869994 
44.0 	 116.0 	 66230.889 
44.0 	 118.0 	 61360.9887 
44.0 	 120.0 	 64008.2927 
44.0 	 122.0 	 57267.7814 
44.0 	 124.0 	 50878.2114 
44.0 	 126.0 	 34675.274203 
44.0 	 128.0 	 7737.694273499999 
44.0 	 130.0 	 7792.7665308999985 
44.0 	 132.0 	 3195.2665951 
44.0 	 134.0 	 74.5456887 
44.0 	 136.0 	 77.92365090000001 
44.0 	 140.0 	 814.01115 
44.0 	 142.0 	 1937.4823471999998 
44.0 	 144.0 	 311.9080613 
44.0 	 146.0 	 700.8083587 
44.0 	 148.0 	 106.93976900000001 
46.0 	 -126.0 	 754.9782445999999 
46.0 	 -124.0 	 30632.064004546002 
46.0 	 -122.0 	 6615.336360228001 
46.0 	 -120.0 	 11897.08424 
46.0 	 -118.0 	 7669.987872000001 
46.0 	 -116.0 	 3454.9024899499996 
46.0 	 -114.0 	 11209.764726899999 
46.0 	 -112.0 	 18788.982912 
46.0 	 -110.0 	 16966.400830000002 
46.0 	 -108.0 	 16948.87727 
46.0 	 -106.0 	 17716.4465 
46.0 	 -104.0 	 14621.529449999998 
46.0 	 -102.0 	 12963.659060000002 
46.0 	 -100.0 	 12604.117 
46.0 	 -98.0 	 17059.30703 
46.0 	 -96.0 	 35541.4751689 
46.0 	 -94.0 	 41824.234293500005 
46.0 	 -92.0 	 7071.96852471 
46.0 	 -90.0 	 7148.68895539 
46.0 	 -88.0 	 3359.5731349000002 
46.0 	 -86.0 	 5728.1206441 
46.0 	 -84.0 	 4273.030333819999 
46.0 	 -82.0 	 3776.5955288 
46.0 	 -80.0 	 5011.0044494 
46.0 	 -78.0 	 1128.5639309900002 
46.0 	 -76.0 	 2720.67165182 
46.0 	 -74.0 	 15999.05406356 
46.0 	 -72.0 	 13416.8998605 
46.0 	 -70.0 	 11037.01287401 
46.0 	 -68.0 	 11333.583026219998 
46.0 	 -66.0 	 3937.8456273 
46.0 	 -64.0 	 7058.15128 
46.0 	 -62.0 	 1236.94874 
46.0 	 -60.0 	 109.36657989999999 
46.0 	 -58.0 	 38.918363600000006 
46.0 	 -56.0 	 108.11099759999999 
46.0 	 -54.0 	 152.0303629 
46.0 	 -6.0 	 5959.472899999999 
46.0 	 -4.0 	 52968.75516 
46.0 	 -2.0 	 52279.07409 
46.0 	 0.0 	 83252.12054999999 
46.0 	 2.0 	 112364.59019999999 
46.0 	 4.0 	 58699.76413 
46.0 	 6.0 	 29411.628723 
46.0 	 8.0 	 46924.970827 
46.0 	 10.0 	 14986.4105053 
46.0 	 12.0 	 12887.740463 
46.0 	 14.0 	 27186.364073 
46.0 	 16.0 	 18773.215192000003 
46.0 	 18.0 	 6108.8625329999995 
46.0 	 20.0 	 10741.444218 
46.0 	 22.0 	 40466.86629 
46.0 	 24.0 	 23285.860202000003 
46.0 	 26.0 	 22144.098584 
46.0 	 28.0 	 14894.356029999999 
46.0 	 30.0 	 11572.899297000002 
46.0 	 32.0 	 14707.574539999998 
46.0 	 34.0 	 10847.6314 
46.0 	 36.0 	 8174.685217 
46.0 	 38.0 	 2918.0285698 
46.0 	 40.0 	 905.6951500000001 
46.0 	 42.0 	 804.8603969000001 
46.0 	 44.0 	 1271.4795276 
46.0 	 46.0 	 3034.8458127000004 
46.0 	 48.0 	 1746.9301722 
46.0 	 50.0 	 96.1148239 
46.0 	 52.0 	 140.34323246 
46.0 	 54.0 	 196.45017100000004 
46.0 	 56.0 	 173.7946333 
46.0 	 58.0 	 183.37555600000002 
46.0 	 60.0 	 165.01113300000003 
46.0 	 62.0 	 200.637877 
46.0 	 64.0 	 157.59179373999999 
46.0 	 66.0 	 160.41582800000003 
46.0 	 68.0 	 156.255595 
46.0 	 70.0 	 153.485106 
46.0 	 72.0 	 150.01028817 
46.0 	 74.0 	 123.87114360000001 
46.0 	 76.0 	 171.36239500000005 
46.0 	 78.0 	 184.89140700000004 
46.0 	 80.0 	 148.67579774 
46.0 	 82.0 	 20401.677649269 
46.0 	 84.0 	 24818.657838299998 
46.0 	 86.0 	 38068.0449534 
46.0 	 88.0 	 27610.432883999998 
46.0 	 90.0 	 15863.013659999997 
46.0 	 114.0 	 1676.8289000000004 
46.0 	 116.0 	 15477.644 
46.0 	 118.0 	 31461.559089000002 
46.0 	 120.0 	 39714.991460000005 
46.0 	 122.0 	 49958.75756 
46.0 	 124.0 	 44713.81936 
46.0 	 126.0 	 34034.517438 
46.0 	 128.0 	 5639.585781000001 
46.0 	 130.0 	 13611.524498099998 
46.0 	 132.0 	 7826.797568999999 
46.0 	 134.0 	 566.2260474299999 
46.0 	 136.0 	 109.5836925 
46.0 	 138.0 	 6.2859736889999995 
46.0 	 140.0 	 1.2296511 
46.0 	 142.0 	 53.6396458 
46.0 	 150.0 	 43.32718 
46.0 	 152.0 	 0.171385 
48.0 	 -128.0 	 47.517194759999995 
48.0 	 -126.0 	 1334.7452141899998 
48.0 	 -124.0 	 22434.812608 
48.0 	 -122.0 	 2592.1584204899996 
48.0 	 -120.0 	 5587.4426914 
48.0 	 -118.0 	 876.2772061499998 
48.0 	 -116.0 	 8108.126655595999 
48.0 	 -114.0 	 29098.308961649996 
48.0 	 -112.0 	 29428.4124 
48.0 	 -110.0 	 34641.893800000005 
48.0 	 -108.0 	 30804.1889 
48.0 	 -106.0 	 28555.282699999996 
48.0 	 -104.0 	 24455.8738 
48.0 	 -102.0 	 24205.1965 
48.0 	 -100.0 	 24849.054699999993 
48.0 	 -98.0 	 27292.967631000003 
48.0 	 -96.0 	 18193.7131641 
48.0 	 -94.0 	 5011.1133623 
48.0 	 -92.0 	 717.2125734980001 
48.0 	 -90.0 	 391.3333876 
48.0 	 -88.0 	 108.7342512 
48.0 	 -86.0 	 712.8840774599998 
48.0 	 -84.0 	 130.83782266 
48.0 	 -82.0 	 198.26189414 
48.0 	 -80.0 	 1994.8579734500001 
48.0 	 -78.0 	 480.28604692999994 
48.0 	 -76.0 	 87.28794909999999 
48.0 	 -74.0 	 2138.9893498300003 
48.0 	 -72.0 	 3438.6104761999995 
48.0 	 -70.0 	 3104.11595455 
48.0 	 -68.0 	 2744.9412673 
48.0 	 -66.0 	 1660.2465955 
48.0 	 -64.0 	 259.5902967 
48.0 	 -62.0 	 3.512343 
48.0 	 -60.0 	 100.00116831 
48.0 	 -58.0 	 723.8383803899998 
48.0 	 -56.0 	 78.45221732 
48.0 	 -54.0 	 7.339368790000001 
48.0 	 -6.0 	 19330.703460000004 
48.0 	 -4.0 	 65932.92266 
48.0 	 -2.0 	 32072.51583 
48.0 	 0.0 	 32108.45942 
48.0 	 2.0 	 33167.702033 
48.0 	 4.0 	 41006.09077 
48.0 	 6.0 	 166148.21943 
48.0 	 8.0 	 128435.29027999999 
48.0 	 10.0 	 107868.963948 
48.0 	 12.0 	 102844.79097 
48.0 	 14.0 	 124301.29732999999 
48.0 	 16.0 	 61681.220361 
48.0 	 18.0 	 31322.015975000002 
48.0 	 20.0 	 20218.663521999995 
48.0 	 22.0 	 28557.842445 
48.0 	 24.0 	 24132.45145 
48.0 	 26.0 	 14291.18701 
48.0 	 28.0 	 12647.0302 
48.0 	 30.0 	 17136.9881 
48.0 	 32.0 	 12030.50549 
48.0 	 34.0 	 12872.834110000002 
48.0 	 36.0 	 14002.861820999999 
48.0 	 38.0 	 17394.87331 
48.0 	 40.0 	 6330.0136600000005 
48.0 	 42.0 	 10393.9525809 
48.0 	 44.0 	 781.4901868000001 
48.0 	 46.0 	 392.7994888 
48.0 	 48.0 	 180.95987179999997 
48.0 	 50.0 	 174.9738039 
48.0 	 52.0 	 193.15202200000004 
48.0 	 54.0 	 194.854001 
48.0 	 56.0 	 184.218129 
48.0 	 58.0 	 184.44865500000003 
48.0 	 60.0 	 187.50132499999995 
48.0 	 62.0 	 171.1319204 
48.0 	 64.0 	 164.790641 
48.0 	 66.0 	 154.23212299999997 
48.0 	 68.0 	 140.065273 
48.0 	 70.0 	 174.0569269 
48.0 	 72.0 	 164.9226156 
48.0 	 74.0 	 180.66123340000001 
48.0 	 76.0 	 200.723654 
48.0 	 78.0 	 203.84269100000003 
48.0 	 80.0 	 160.03412930000002 
48.0 	 82.0 	 112.840469123 
48.0 	 84.0 	 2360.9308866399997 
48.0 	 86.0 	 24242.320522099995 
48.0 	 88.0 	 4001.0428640000005 
48.0 	 94.0 	 16.48676 
48.0 	 96.0 	 72.52817000000002 
48.0 	 106.0 	 11.00658 
48.0 	 108.0 	 41.298848 
48.0 	 110.0 	 85.15362160000001 
48.0 	 112.0 	 89.98128670000001 
48.0 	 114.0 	 2843.204268 
48.0 	 116.0 	 45843.97828884001 
48.0 	 118.0 	 58817.4044466 
48.0 	 120.0 	 16215.8043295 
48.0 	 122.0 	 14044.1143145 
48.0 	 124.0 	 27775.01783 
48.0 	 126.0 	 10486.756309 
48.0 	 128.0 	 2731.00809267 
48.0 	 130.0 	 744.161561824 
48.0 	 132.0 	 908.6395176687 
48.0 	 134.0 	 5072.438986536 
48.0 	 136.0 	 1029.6263862929002 
48.0 	 138.0 	 23.037547015900003 
48.0 	 140.0 	 10.67458208 
48.0 	 142.0 	 7.04489015 
48.0 	 154.0 	 0.391426 
50.0 	 -178.0 	 0.00231847 
50.0 	 -130.0 	 14.788425 
50.0 	 -128.0 	 440.48541145 
50.0 	 -126.0 	 310.0512145 
50.0 	 -124.0 	 16.794641700000003 
50.0 	 -122.0 	 3619.1683732 
50.0 	 -120.0 	 4208.646118900001 
50.0 	 -118.0 	 196.55353839999998 
50.0 	 -116.0 	 9606.244719400001 
50.0 	 -114.0 	 46515.5324 
50.0 	 -112.0 	 47488.186 
50.0 	 -110.0 	 43154.006 
50.0 	 -108.0 	 42601.022000000004 
50.0 	 -106.0 	 38384.5246 
50.0 	 -104.0 	 38474.59867 
50.0 	 -102.0 	 34407.821836 
50.0 	 -100.0 	 21132.865863099996 
50.0 	 -98.0 	 19893.113038 
50.0 	 -96.0 	 1965.2650583000002 
50.0 	 -94.0 	 287.3338790899999 
50.0 	 -92.0 	 58.398218299999996 
50.0 	 -90.0 	 27.87993796 
50.0 	 -88.0 	 62.93917596 
50.0 	 -86.0 	 210.50850221000002 
50.0 	 -84.0 	 45.216983830000004 
50.0 	 -82.0 	 8.38010024 
50.0 	 -80.0 	 48.92058102 
50.0 	 -78.0 	 19.078135739999997 
50.0 	 -76.0 	 22.012789180000002 
50.0 	 -74.0 	 95.4275469 
50.0 	 -72.0 	 8.5378281 
50.0 	 -70.0 	 12.1518908 
50.0 	 -68.0 	 23.3968911 
50.0 	 -66.0 	 23.6578398 
50.0 	 -64.0 	 1.9378425999999997 
50.0 	 -58.0 	 10.6856425 
50.0 	 -56.0 	 0.0301175 
50.0 	 -12.0 	 5804.4846 
50.0 	 -10.0 	 71919.03825 
50.0 	 -8.0 	 3350.037 
50.0 	 -6.0 	 134855.96839999998 
50.0 	 -4.0 	 143230.39269 
50.0 	 -2.0 	 50076.675636 
50.0 	 0.0 	 6497.519388000001 
50.0 	 2.0 	 67773.96507 
50.0 	 4.0 	 101500.62840300001 
50.0 	 6.0 	 235227.80957399998 
50.0 	 8.0 	 216354.77082999996 
50.0 	 10.0 	 141896.025713 
50.0 	 12.0 	 254398.805 
50.0 	 14.0 	 152030.38545 
50.0 	 16.0 	 77223.77505 
50.0 	 18.0 	 111615.91393000001 
50.0 	 20.0 	 70656.80699 
50.0 	 22.0 	 72968.52421999999 
50.0 	 24.0 	 54507.55374 
50.0 	 26.0 	 55678.592990000005 
50.0 	 28.0 	 54854.283497 
50.0 	 30.0 	 32465.767549999997 
50.0 	 32.0 	 16199.289190000001 
50.0 	 34.0 	 6968.894049 
50.0 	 36.0 	 2934.595931 
50.0 	 38.0 	 764.9484517 
50.0 	 40.0 	 801.0173775000001 
50.0 	 42.0 	 890.3321189999999 
50.0 	 44.0 	 865.5313353000001 
50.0 	 46.0 	 770.9926855 
50.0 	 48.0 	 608.5461318 
50.0 	 50.0 	 288.5564683 
50.0 	 52.0 	 376.4609769 
50.0 	 54.0 	 755.218372 
50.0 	 56.0 	 648.826695 
50.0 	 58.0 	 711.2077893000001 
50.0 	 60.0 	 478.13817339999997 
50.0 	 62.0 	 183.10964700000002 
50.0 	 64.0 	 176.08821750000004 
50.0 	 66.0 	 162.13947170000003 
50.0 	 68.0 	 106.0120564 
50.0 	 70.0 	 124.45718500000002 
50.0 	 72.0 	 115.1674234 
50.0 	 74.0 	 175.55490319000003 
50.0 	 76.0 	 183.49323522000003 
50.0 	 78.0 	 2103.371735322 
50.0 	 80.0 	 2928.9466664200004 
50.0 	 82.0 	 404.3519982 
50.0 	 84.0 	 79.47248599999999 
50.0 	 86.0 	 4.232522 
50.0 	 88.0 	 1.0129620000000001 
50.0 	 90.0 	 224.05068219999998 
50.0 	 92.0 	 170.3103706 
50.0 	 94.0 	 280.11140589999997 
50.0 	 102.0 	 9.8533631 
50.0 	 104.0 	 206.45202190000003 
50.0 	 106.0 	 656.0568897 
50.0 	 108.0 	 116.831595 
50.0 	 110.0 	 20.487168 
50.0 	 112.0 	 486.82255929999997 
50.0 	 114.0 	 791.0960256000001 
50.0 	 116.0 	 1812.3355327999998 
50.0 	 118.0 	 5018.185776700001 
50.0 	 120.0 	 2374.5947733999997 
50.0 	 122.0 	 235.0222575 
50.0 	 124.0 	 2253.4234902 
50.0 	 126.0 	 2103.4892693599995 
50.0 	 128.0 	 1436.1733399 
50.0 	 130.0 	 638.92592627 
50.0 	 132.0 	 1106.0206208717998 
50.0 	 134.0 	 201.74419666 
50.0 	 136.0 	 296.6833180699 
50.0 	 138.0 	 61.866891374000005 
50.0 	 140.0 	 5.491885622 
50.0 	 142.0 	 22.469336499999997 
52.0 	 -134.0 	 15.704610000000002 
52.0 	 -132.0 	 57.206795 
52.0 	 -130.0 	 130.95065469999997 
52.0 	 -128.0 	 2.9471370000000006 
52.0 	 -126.0 	 113.60605389999998 
52.0 	 -124.0 	 2604.7975150000007 
52.0 	 -122.0 	 1228.2557192000002 
52.0 	 -118.0 	 2375.7847408000002 
52.0 	 -116.0 	 33180.0539479 
52.0 	 -114.0 	 43834.711330000006 
52.0 	 -112.0 	 47422.093700000005 
52.0 	 -110.0 	 46330.683928 
52.0 	 -108.0 	 37563.099884 
52.0 	 -106.0 	 38884.207845 
52.0 	 -104.0 	 19724.005472000004 
52.0 	 -102.0 	 7321.0171074 
52.0 	 -100.0 	 1426.2035287 
52.0 	 -98.0 	 185.3369993 
52.0 	 -96.0 	 507.8514128499999 
52.0 	 -94.0 	 180.82318428999997 
52.0 	 -92.0 	 125.23654779 
52.0 	 -90.0 	 121.84474528 
52.0 	 -88.0 	 53.784525599999995 
52.0 	 -86.0 	 35.313648 
52.0 	 -84.0 	 24.081559000000002 
52.0 	 -82.0 	 47.627408 
52.0 	 -80.0 	 0.48719500000000004 
52.0 	 -62.0 	 0.4588486 
52.0 	 -58.0 	 8.53742646 
52.0 	 -56.0 	 0.00531485 
52.0 	 -12.0 	 9461.330300000001 
52.0 	 -10.0 	 168616.791166 
52.0 	 -8.0 	 160901.964563 
52.0 	 -6.0 	 36192.9167 
52.0 	 -4.0 	 150739.524335 
52.0 	 -2.0 	 80788.05961 
52.0 	 0.0 	 122783.6223 
52.0 	 4.0 	 7138.178483999999 
52.0 	 6.0 	 197518.37525 
52.0 	 8.0 	 264286.06506999995 
52.0 	 10.0 	 261728.97384 
52.0 	 12.0 	 236598.58545 
52.0 	 14.0 	 115907.49942600001 
52.0 	 16.0 	 90808.08351 
52.0 	 18.0 	 75418.88110999999 
52.0 	 20.0 	 77186.49574 
52.0 	 22.0 	 60523.52127 
52.0 	 24.0 	 106434.08619999999 
52.0 	 26.0 	 117359.2901 
52.0 	 28.0 	 116794.94248 
52.0 	 30.0 	 68901.733 
52.0 	 32.0 	 31233.1189349 
52.0 	 34.0 	 4880.90795456 
52.0 	 36.0 	 4827.136095999999 
52.0 	 38.0 	 3161.2271729999998 
52.0 	 40.0 	 6773.8396145 
52.0 	 42.0 	 3127.839669 
52.0 	 44.0 	 3757.5043162 
52.0 	 46.0 	 6714.643544500001 
52.0 	 48.0 	 683.7677666 
52.0 	 50.0 	 790.5308476 
52.0 	 52.0 	 1030.1546948 
52.0 	 54.0 	 1121.1562590000003 
52.0 	 56.0 	 502.145169 
52.0 	 58.0 	 1042.6525565 
52.0 	 60.0 	 578.004644 
52.0 	 62.0 	 126.37636495999999 
52.0 	 64.0 	 120.24841988 
52.0 	 66.0 	 129.6228076 
52.0 	 68.0 	 127.15604241999998 
52.0 	 70.0 	 122.27617029999999 
52.0 	 72.0 	 182.42513062999998 
52.0 	 74.0 	 208.66879874699998 
52.0 	 76.0 	 218.626262823 
52.0 	 78.0 	 1523.6023173879996 
52.0 	 80.0 	 10147.610687100001 
52.0 	 82.0 	 5211.6688763 
52.0 	 84.0 	 646.1641776 
52.0 	 86.0 	 1565.0251021 
52.0 	 88.0 	 1437.4680855000001 
52.0 	 90.0 	 5327.0525757 
52.0 	 92.0 	 277.3252644 
52.0 	 94.0 	 87.8053784 
52.0 	 98.0 	 1.9798826999999999 
52.0 	 100.0 	 629.7625462999999 
52.0 	 102.0 	 755.1813727300001 
52.0 	 104.0 	 144.4015829 
52.0 	 106.0 	 450.0523898 
52.0 	 108.0 	 69.7562727 
52.0 	 110.0 	 16.488749499999997 
52.0 	 112.0 	 190.02803849999995 
52.0 	 114.0 	 166.92561469999998 
52.0 	 116.0 	 300.3036281 
52.0 	 118.0 	 71.54629819999998 
52.0 	 120.0 	 65.64873800000001 
52.0 	 122.0 	 252.61569031000002 
52.0 	 124.0 	 289.42022661 
52.0 	 126.0 	 1043.81060991 
52.0 	 128.0 	 674.6764184100001 
52.0 	 130.0 	 560.2527198999999 
52.0 	 132.0 	 16.8266156 
52.0 	 134.0 	 52.05872840000001 
52.0 	 136.0 	 176.85980117000003 
52.0 	 138.0 	 32.078943711899996 
52.0 	 140.0 	 22.673419988000003 
52.0 	 142.0 	 8.5180964 
54.0 	 -164.0 	 0.000579618 
54.0 	 -134.0 	 678.093467 
54.0 	 -132.0 	 295.18515 
54.0 	 -130.0 	 56.1570998 
54.0 	 -128.0 	 9.8910742 
54.0 	 -126.0 	 83.2787954 
54.0 	 -124.0 	 474.35172719999997 
54.0 	 -122.0 	 5344.2303142 
54.0 	 -120.0 	 18391.915492300006 
54.0 	 -118.0 	 9743.8245592 
54.0 	 -116.0 	 12877.743168 
54.0 	 -114.0 	 22592.6503324 
54.0 	 -112.0 	 19161.764829699998 
54.0 	 -110.0 	 11506.326128400002 
54.0 	 -108.0 	 1357.7657309 
54.0 	 -106.0 	 1142.0564486 
54.0 	 -104.0 	 1058.2559566 
54.0 	 -102.0 	 776.7216741999998 
54.0 	 -100.0 	 740.4898691000001 
54.0 	 -98.0 	 123.338061 
54.0 	 -96.0 	 41.853615700000006 
54.0 	 -94.0 	 4.7234221 
54.0 	 -92.0 	 0.7670626999999999 
54.0 	 -80.0 	 0.228539 
54.0 	 -60.0 	 1.1497797 
54.0 	 -12.0 	 800.8136 
54.0 	 -10.0 	 45336.145 
54.0 	 -8.0 	 67100.30491 
54.0 	 -6.0 	 39876.51788 
54.0 	 -4.0 	 99090.86017 
54.0 	 -2.0 	 20313.44812 
54.0 	 8.0 	 165835.276954 
54.0 	 10.0 	 10843.500215 
54.0 	 12.0 	 20619.0383 
54.0 	 14.0 	 4804.126015999999 
54.0 	 16.0 	 18124.349959999996 
54.0 	 18.0 	 11723.030233 
54.0 	 20.0 	 26501.866585000003 
54.0 	 22.0 	 22065.632125199998 
54.0 	 24.0 	 20605.059752999998 
54.0 	 26.0 	 61923.91655 
54.0 	 28.0 	 58571.76055999999 
54.0 	 30.0 	 40454.4811465 
54.0 	 32.0 	 17267.6179579 
54.0 	 34.0 	 23044.8746692 
54.0 	 36.0 	 21515.8010113 
54.0 	 38.0 	 8558.971113999998 
54.0 	 40.0 	 13058.997399799999 
54.0 	 42.0 	 11879.705401 
54.0 	 44.0 	 4143.238864000001 
54.0 	 46.0 	 5471.2474297 
54.0 	 48.0 	 1942.7210097000002 
54.0 	 50.0 	 2544.6571885999997 
54.0 	 52.0 	 720.1427379999999 
54.0 	 54.0 	 4554.702085999999 
54.0 	 56.0 	 390.7499138 
54.0 	 58.0 	 1417.3565064999998 
54.0 	 60.0 	 648.1417354 
54.0 	 62.0 	 751.1801720000001 
54.0 	 64.0 	 2364.0314995 
54.0 	 66.0 	 486.2059106 
54.0 	 68.0 	 356.40618010000003 
54.0 	 70.0 	 496.43041669999997 
54.0 	 72.0 	 743.7103026999999 
54.0 	 74.0 	 847.3395111 
54.0 	 76.0 	 817.4133852 
54.0 	 78.0 	 792.1706829999999 
54.0 	 80.0 	 685.0206253 
54.0 	 82.0 	 505.0835004 
54.0 	 84.0 	 970.9655794999999 
54.0 	 86.0 	 2122.0886489000004 
54.0 	 88.0 	 1849.1960675999999 
54.0 	 90.0 	 3470.3926769 
54.0 	 92.0 	 1938.8872045000003 
54.0 	 94.0 	 1927.1025876 
54.0 	 96.0 	 978.3197462999999 
54.0 	 98.0 	 1093.5162910999998 
54.0 	 100.0 	 2346.7730273999996 
54.0 	 102.0 	 810.812174 
54.0 	 104.0 	 15.931130099999997 
54.0 	 110.0 	 9.577093999999999 
54.0 	 122.0 	 7.385465760000001 
54.0 	 124.0 	 31.2103756 
54.0 	 126.0 	 89.9199731 
54.0 	 128.0 	 362.1366234 
54.0 	 130.0 	 316.6845461 
54.0 	 132.0 	 156.22645250000002 
54.0 	 134.0 	 12.984335399999999 
54.0 	 136.0 	 14.5037746 
54.0 	 138.0 	 0.1381312 
54.0 	 140.0 	 0.506481 
56.0 	 -160.0 	 0.000579618 
56.0 	 -158.0 	 0.000579618 
56.0 	 -156.0 	 0.000579618 
56.0 	 -154.0 	 0.000579618 
56.0 	 -136.0 	 345.09907999999996 
56.0 	 -134.0 	 2409.5823600000003 
56.0 	 -132.0 	 2.76141 
56.0 	 -124.0 	 34.315982999999996 
56.0 	 -122.0 	 8590.750707800002 
56.0 	 -120.0 	 5269.4051589 
56.0 	 -118.0 	 5131.752109 
56.0 	 -116.0 	 717.9763839 
56.0 	 -114.0 	 293.5802625 
56.0 	 -112.0 	 730.1541602 
56.0 	 -110.0 	 557.2247039 
56.0 	 -108.0 	 226.1841625 
56.0 	 -106.0 	 6.378726199999999 
56.0 	 -104.0 	 0.0403717 
56.0 	 -102.0 	 0.2018585 
56.0 	 -100.0 	 4.1986598 
56.0 	 -98.0 	 0.0403717 
56.0 	 -8.0 	 5420.41113 
56.0 	 -6.0 	 32998.32943 
56.0 	 -4.0 	 69421.708047 
56.0 	 -2.0 	 2154.8817 
56.0 	 8.0 	 94656.20410000002 
56.0 	 10.0 	 24094.6399176 
56.0 	 12.0 	 48589.4332936 
56.0 	 14.0 	 22690.343313999998 
56.0 	 16.0 	 6114.651976 
56.0 	 18.0 	 73.607596 
56.0 	 20.0 	 2672.9404160000004 
56.0 	 22.0 	 6296.219106800001 
56.0 	 24.0 	 6706.93979 
56.0 	 26.0 	 15740.57884 
56.0 	 28.0 	 18873.869409900002 
56.0 	 30.0 	 8642.005593 
56.0 	 32.0 	 4282.595540599999 
56.0 	 34.0 	 14547.573085 
56.0 	 36.0 	 18252.613447 
56.0 	 38.0 	 17966.4365237 
56.0 	 40.0 	 24131.835458999998 
56.0 	 42.0 	 20734.225403 
56.0 	 44.0 	 14588.229374500002 
56.0 	 46.0 	 24281.5546843 
56.0 	 48.0 	 25237.0855342 
56.0 	 50.0 	 14678.155243100002 
56.0 	 52.0 	 11559.250209400001 
56.0 	 54.0 	 17316.955576599998 
56.0 	 56.0 	 6545.789942699999 
56.0 	 58.0 	 1300.7943613000002 
56.0 	 60.0 	 5835.6392670000005 
56.0 	 62.0 	 3917.6901767 
56.0 	 64.0 	 9514.9089074 
56.0 	 66.0 	 12003.232906500001 
56.0 	 68.0 	 17591.733284 
56.0 	 70.0 	 7721.306998399999 
56.0 	 72.0 	 1540.7839444 
56.0 	 74.0 	 2334.7423529 
56.0 	 76.0 	 286.268874 
56.0 	 78.0 	 282.2573183999999 
56.0 	 80.0 	 884.6289354 
56.0 	 82.0 	 3920.3177602999995 
56.0 	 84.0 	 2282.40792 
56.0 	 86.0 	 5536.290041899999 
56.0 	 88.0 	 1006.9614051000001 
56.0 	 90.0 	 487.60678329999996 
56.0 	 92.0 	 1522.8314372 
56.0 	 94.0 	 1896.1936320000002 
56.0 	 96.0 	 2241.1251456000005 
56.0 	 98.0 	 640.1917748999999 
56.0 	 100.0 	 81.9035434 
56.0 	 102.0 	 58.372512099999994 
56.0 	 104.0 	 9.3929164 
56.0 	 106.0 	 5.847552 
56.0 	 108.0 	 5.4331579 
58.0 	 -162.0 	 0.006955416 
58.0 	 -160.0 	 0.00405733 
58.0 	 -158.0 	 0.004057325999999999 
58.0 	 -136.0 	 57.208980000000004 
58.0 	 -126.0 	 498.27669249999997 
58.0 	 -124.0 	 1943.568129 
58.0 	 -122.0 	 1275.2146932 
58.0 	 -120.0 	 478.2686941 
58.0 	 -118.0 	 3545.2426742999996 
58.0 	 -116.0 	 617.2652306 
58.0 	 -114.0 	 1390.8037857000002 
58.0 	 -112.0 	 1979.6392985 
58.0 	 -110.0 	 104.4854275 
58.0 	 -108.0 	 0.6055759000000001 
58.0 	 -106.0 	 2.5030467000000005 
58.0 	 -8.0 	 4300.29993 
58.0 	 -6.0 	 9554.42147 
58.0 	 -4.0 	 8909.517810000001 
58.0 	 -2.0 	 159.58877999999999 
58.0 	 4.0 	 4075.0766600000006 
58.0 	 6.0 	 10536.34729 
58.0 	 8.0 	 3004.1276850000004 
58.0 	 10.0 	 9825.026170000001 
58.0 	 12.0 	 11548.057765300002 
58.0 	 14.0 	 14385.0485112 
58.0 	 16.0 	 9720.175841000002 
58.0 	 18.0 	 1552.0361349999998 
58.0 	 20.0 	 0.417011 
58.0 	 22.0 	 6257.8455409 
58.0 	 24.0 	 6746.0908733999995 
58.0 	 26.0 	 5727.7219768899995 
58.0 	 28.0 	 2769.36534867 
58.0 	 30.0 	 7424.121316699999 
58.0 	 32.0 	 5670.550228200001 
58.0 	 34.0 	 7092.1900577 
58.0 	 36.0 	 8269.988397399999 
58.0 	 38.0 	 5321.9782937 
58.0 	 40.0 	 5741.6821078 
58.0 	 42.0 	 3992.1188008 
58.0 	 44.0 	 4452.7185307 
58.0 	 46.0 	 6310.9460973 
58.0 	 48.0 	 6415.4146675 
58.0 	 50.0 	 6327.1879923999995 
58.0 	 52.0 	 2792.5168875000004 
58.0 	 54.0 	 4386.203848300001 
58.0 	 56.0 	 803.9339285 
58.0 	 58.0 	 377.1121641 
58.0 	 60.0 	 1605.1683896000002 
58.0 	 62.0 	 3029.876024 
58.0 	 64.0 	 7614.168465399999 
58.0 	 66.0 	 7521.0705701 
58.0 	 68.0 	 1127.2167331 
58.0 	 70.0 	 153.850844 
58.0 	 72.0 	 136.94950649999998 
58.0 	 74.0 	 175.4931162 
58.0 	 76.0 	 285.70141020000005 
58.0 	 78.0 	 623.9254106000001 
58.0 	 80.0 	 1192.6382024 
58.0 	 82.0 	 1414.6925328999998 
58.0 	 84.0 	 204.91404409999998 
58.0 	 86.0 	 274.2019404 
58.0 	 88.0 	 267.5228261 
58.0 	 90.0 	 117.21897909999998 
58.0 	 92.0 	 252.82319329999999 
58.0 	 94.0 	 3.6185319 
58.0 	 96.0 	 39.7830753 
58.0 	 98.0 	 21.784237000000005 
58.0 	 100.0 	 21.998879400000003 
58.0 	 102.0 	 29.8823644 
58.0 	 108.0 	 6.2619478 
58.0 	 110.0 	 34.993243699999994 
58.0 	 112.0 	 2.4403192000000002 
58.0 	 128.0 	 0.1381312 
60.0 	 -166.0 	 0.00173885 
60.0 	 -164.0 	 0.005796196 
60.0 	 -154.0 	 0.000579618 
60.0 	 -150.0 	 1.08215 
60.0 	 -124.0 	 56.523453 
60.0 	 -122.0 	 146.4667093 
60.0 	 -120.0 	 159.8318088 
60.0 	 -2.0 	 1847.13339 
60.0 	 4.0 	 4521.09093 
60.0 	 6.0 	 159.25562000000002 
60.0 	 8.0 	 41.009384999999995 
60.0 	 10.0 	 2595.7548550000006 
60.0 	 12.0 	 1449.81865762 
60.0 	 14.0 	 814.55423102 
60.0 	 16.0 	 3055.5535560000003 
60.0 	 18.0 	 4666.481349 
60.0 	 20.0 	 11903.93955 
60.0 	 22.0 	 42006.055770000006 
60.0 	 24.0 	 32249.28404 
60.0 	 26.0 	 17905.860344999997 
60.0 	 28.0 	 10919.387132200001 
60.0 	 30.0 	 2094.1085675000004 
60.0 	 32.0 	 1332.7547452 
60.0 	 34.0 	 1668.1801167 
60.0 	 36.0 	 1107.0492464999998 
60.0 	 38.0 	 1989.2392854999998 
60.0 	 40.0 	 1965.2128804000001 
60.0 	 42.0 	 1833.5416716000002 
60.0 	 44.0 	 711.1359805 
60.0 	 46.0 	 807.2437526 
60.0 	 48.0 	 230.0748457 
60.0 	 50.0 	 255.56631829999998 
60.0 	 52.0 	 141.94747080000002 
60.0 	 54.0 	 131.6001657 
60.0 	 56.0 	 84.3655943 
60.0 	 58.0 	 1.7957053 
60.0 	 60.0 	 71.4750619 
60.0 	 62.0 	 128.2963302 
60.0 	 64.0 	 202.5580261 
60.0 	 66.0 	 63.3639297 
60.0 	 68.0 	 160.0736382 
60.0 	 70.0 	 28.648993 
60.0 	 72.0 	 8.3258002 
60.0 	 74.0 	 61.2381826 
60.0 	 76.0 	 21.410340299999998 
60.0 	 78.0 	 17.1782393 
60.0 	 80.0 	 106.03875550000001 
60.0 	 82.0 	 62.15905479999999 
60.0 	 84.0 	 69.68406990000001 
60.0 	 86.0 	 173.48938499999997 
60.0 	 88.0 	 353.04083470000006 
60.0 	 90.0 	 13.352686499999999 
60.0 	 100.0 	 0.0460437 
60.0 	 124.0 	 0.1381312 
60.0 	 126.0 	 6.4000819 
60.0 	 128.0 	 42.1900169 
60.0 	 130.0 	 51.1085347 
60.0 	 132.0 	 4.143933500000001 
60.0 	 134.0 	 27.764371299999997 
62.0 	 -162.0 	 0.000579618 
62.0 	 -124.0 	 9.015763000000002 
62.0 	 -122.0 	 22.237336000000003 
62.0 	 -24.0 	 54.58223649999999 
62.0 	 -22.0 	 63.017996700000005 
62.0 	 -20.0 	 3.5099247 
62.0 	 -18.0 	 1.71926452 
62.0 	 4.0 	 758.1375349999998 
62.0 	 6.0 	 186.83749999999998 
62.0 	 8.0 	 552.40244 
62.0 	 10.0 	 346.705275 
62.0 	 14.0 	 8.246452000000001 
62.0 	 16.0 	 179.7328038 
62.0 	 18.0 	 84.6474078 
62.0 	 20.0 	 5863.205448799999 
62.0 	 22.0 	 26030.78798 
62.0 	 24.0 	 9022.174566 
62.0 	 26.0 	 16611.085073000002 
62.0 	 28.0 	 5878.803737 
62.0 	 30.0 	 2480.2217287999997 
62.0 	 32.0 	 100.39724080000002 
62.0 	 34.0 	 145.01775750000002 
62.0 	 36.0 	 535.7862168 
62.0 	 38.0 	 487.31000140000003 
62.0 	 40.0 	 158.7687715 
62.0 	 42.0 	 183.5040484 
62.0 	 44.0 	 57.011783199999996 
62.0 	 46.0 	 14.182683700000002 
62.0 	 48.0 	 29.4219491 
62.0 	 50.0 	 38.2662125 
62.0 	 52.0 	 52.996344300000004 
62.0 	 54.0 	 26.5211892 
62.0 	 56.0 	 0.7366993000000001 
62.0 	 60.0 	 0.460437 
62.0 	 62.0 	 0.0920874 
62.0 	 64.0 	 4.1439342 
62.0 	 68.0 	 0.0920875 
62.0 	 84.0 	 0.1381312 
62.0 	 86.0 	 3.7295419 
62.0 	 88.0 	 58.6136908 
62.0 	 90.0 	 1.6575748000000001 
62.0 	 128.0 	 39.509710000000005 
62.0 	 130.0 	 27.232800000000005 
64.0 	 -26.0 	 1.986971 
64.0 	 -24.0 	 56.15877189999999 
64.0 	 -22.0 	 105.92230848 
64.0 	 -20.0 	 88.46190471999999 
64.0 	 -18.0 	 12.60595972 
64.0 	 -16.0 	 50.73916704 
64.0 	 -14.0 	 15.2056891 
64.0 	 10.0 	 365.87106000000006 
64.0 	 18.0 	 0.242543 
64.0 	 20.0 	 248.28283580000002 
64.0 	 22.0 	 445.0908012000001 
64.0 	 24.0 	 14647.640754000002 
64.0 	 26.0 	 9762.863728 
64.0 	 28.0 	 282.03409830000004 
64.0 	 30.0 	 87.70007460000001 
64.0 	 32.0 	 21.3642787 
64.0 	 34.0 	 3.4072365000000002 
64.0 	 36.0 	 2.5324057000000004 
64.0 	 38.0 	 106.13079940000001 
64.0 	 40.0 	 183.8089185 
64.0 	 42.0 	 28.823381899999998 
64.0 	 44.0 	 5.6173345 
64.0 	 46.0 	 1.6575738 
66.0 	 -24.0 	 25.74738402 
66.0 	 -22.0 	 0.20821558 
66.0 	 -20.0 	 25.73549 
66.0 	 -18.0 	 11.445925139999998 
66.0 	 -16.0 	 6.418993520000001 
66.0 	 22.0 	 65.33147919999999 
66.0 	 24.0 	 561.207004 
66.0 	 26.0 	 91.26894099999998 
